A  64011.8     0.5     5.7 23974.7 26990.1 23854.4
A  64008.7     0.5     5.6 23973.2 26987.1 23849.9
A  64011.1     0.5     5.6 23974.1 26988.8 23853.5
A  64010.7     0.5     5.5 23974.1 26989.9 23852.2
A  64012.1     0.5     5.5 23974.0 26989.0 23853.4
A  64011.9     0.5     5.3 23973.6 26987.5 23852.9
A  64010.7     0.5     5.5 23973.4 26987.8 23851.3
A  64011.8     0.5     5.6 23974.4 26988.8 23854.0
A  64012.5     0.5     5.7 23974.7 26989.5 23854.7
A  64009.4     0.5     5.4 23973.7 26987.4 23849.7
A  64012.2     0.5     5.4 23974.6 26990.0 23853.9
A  64010.6     0.5     5.6 23974.3 26988.9 23851.4
A  64013.1     0.6     5.9 23975.2 26988.8 23854.6
A  64012.1     0.5     5.4 23974.4 26987.4 23853.1
A  64011.3     0.5     5.5 23974.1 26987.3 23852.1
A  64011.7     0.5     5.8 23974.4 26987.4 23853.4
A  64010.0     0.5     5.6 23973.9 26985.8 23850.2
A  64009.5     0.5     5.6 23974.0 26986.3 23849.5
A  64012.7     0.5     5.7 23974.5 26989.6 23854.3
A  64010.6     0.5     5.9 23974.3 26986.2 23851.2
A  64014.4     0.6     5.9 23975.5 26988.4 23855.5
A  64012.8     0.6     5.9 23975.2 26986.9 23854.1
A  64013.0     0.6     5.9 23975.5 26987.0 23854.0
A  64012.9     0.6     5.7 23974.9 26987.0 23854.1
A  64010.5     0.5     5.7 23974.1 26985.1 23851.0
A  64010.1     0.5     5.9 23974.4 26987.5 23850.0
A  64013.3     0.6     5.8 23975.7 26992.9 23855.5
A  64010.6     0.6     5.8 23975.2 26991.6 23851.1
A  64012.3     0.5     5.7 23975.0 26993.9 23854.2
A  64011.9     0.6     5.9 23974.7 26992.9 23853.1
A  64012.5     0.5     5.9 23975.1 26992.5 23853.3
A  64012.3     0.5     5.9 23974.9 26991.7 23853.8
A  64011.0     0.5     5.8 23974.6 26991.1 23851.7
A  64010.7     0.5     5.8 23974.5 26989.8 23850.0
A  64012.6     0.5     5.7 23975.0 26991.3 23855.1
A  64009.9     0.5     5.7 23973.8 26991.2 23850.0
A  64013.2     0.5     5.5 23975.1 26993.8 23853.9
A  64012.6     0.6     5.9 23975.4 26991.0 23853.3
A  64012.0     0.5     5.7 23975.0 26989.3 23853.5
A  64011.3     0.5     5.8 23974.6 26988.6 23853.4
A  64010.9     0.6     5.9 23974.8 26988.4 23852.2
A  64012.3     0.5     5.9 23974.9 26989.3 23854.4
A  64012.2     0.5     5.8 23975.0 26988.1 23855.0
A  64009.7     0.5     5.7 23974.4 26985.5 23850.1
A  64011.4     0.5     5.7 23974.6 26986.5 23853.5
A  64010.6     0.5     6.0 23974.6 26985.9 23851.9
A  64013.0     0.6     5.7 23975.6 26986.0 23854.5
A  64011.6     0.6     5.8 23975.3 26985.9 23853.8
A  64011.2     0.6     6.1 23975.2 26983.2 23853.1
A  64012.5     0.5     5.8 23975.3 26982.6 23855.1
A  64012.1     0.5     5.8 23975.6 26984.5 23855.8
A  64008.5     0.5     5.7 23974.2 26984.1 23849.5
A  64011.2     0.5     5.7 23975.0 26985.6 23854.2
A  64010.6     0.6     5.8 23975.0 26985.0 23852.2
A  64013.5     0.6     5.7 23974.9 26982.0 23854.4
A  64010.6     0.5     5.7 23974.4 26981.2 23853.0
A  64011.2     0.6     5.7 23974.6 26979.2 23852.8
A  64011.8     0.5     5.9 23975.0 26981.3 23854.5
A  64010.5     0.6     5.7 23974.7 26980.2 23851.5
A  64009.6     0.5     5.8 23974.4 26980.1 23850.2
A  64012.3     0.6     5.7 23975.4 26983.3 23855.2
A  64009.8     0.5     5.8 23974.4 26982.2 23851.0
A  64013.6     0.6     5.9 23975.5 26984.7 23855.1
A  64012.7     0.5     5.8 23975.3 26981.5 23853.9
A  64012.2     0.5     5.9 23975.2 26978.4 23853.5
A  64012.7     0.5     5.8 23975.2 26978.8 23854.7
A  64010.7     0.5     5.7 23974.7 26976.5 23851.8
A  64010.6     0.6     5.8 23974.4 26978.2 23850.8
A  64012.6     0.6     6.0 23975.3 26980.2 23855.7
A  64009.8     0.5     5.7 23974.2 26979.5 23850.8
A  64012.9     0.5     5.8 23975.1 26982.5 23855.3
A  64011.9     0.5     5.8 23974.7 26978.9 23853.7
A  64012.5     0.5     5.7 23975.2 26978.3 23854.1
A  64012.1     0.5     5.8 23975.0 26976.6 23854.4
A  64010.0     0.5     5.8 23974.6 26974.9 23852.0
A  64011.4     0.5     5.8 23974.9 26976.9 23855.1
A  64012.4     0.5     5.7 23975.3 26977.9 23855.7
A  64009.6     0.5     5.6 23974.5 26975.9 23850.9
A  64012.7     0.5     6.0 23975.6 26980.1 23855.4
A  64011.7     0.6     6.0 23974.8 26977.0 23853.5
A  64011.9     0.5     5.8 23974.9 26976.2 23853.9
A  64010.9     0.5     5.8 23975.0 26975.3 23854.0
A  64011.0     0.6     5.7 23974.3 26975.2 23852.3
A  64011.8     0.5     5.8 23975.4 26976.4 23854.8
A  64012.9     0.5     5.6 23975.0 26977.9 23855.5
A  64009.4     0.5     5.7 23974.2 26974.2 23850.1
A  64011.5     0.5     5.8 23974.5 26976.8 23854.1
A  64010.8     0.6     6.0 23974.7 26977.7 23852.3
A  64013.5     0.6     5.9 23975.3 26977.2 23855.1
A  64012.6     0.6     6.0 23975.4 26975.2 23854.5
A  64011.8     0.6     6.0 23974.9 26975.1 23853.2
A  64012.4     0.5     5.7 23974.6 26975.2 23854.3
A  64010.9     0.6     5.9 23974.8 26974.3 23851.5
A  64008.9     0.5     5.7 23973.8 26972.0 23849.8
A  64011.7     0.5     5.8 23974.7 26975.3 23854.6
A  64010.3     0.5     5.6 23973.9 26975.8 23851.5
A  64012.6     0.5     5.9 23975.0 26975.5 23855.0
A  64010.8     0.5     5.7 23974.0 26973.0 23853.4
A  64011.1     0.5     5.7 23974.1 26973.5 23853.0
A  64011.7     0.6     6.0 23974.6 26973.7 23854.6
A  64010.2     0.5     5.8 23974.2 26972.2 23851.6
A  64009.3     0.6     5.9 23974.0 26971.1 23850.0
A  64012.7     0.5     5.6 23975.3 26974.9 23855.3
A  64010.0     0.5     5.9 23974.4 26972.7 23851.4
A  64012.6     0.5     5.9 23975.3 26973.5 23855.7
A  64011.2     0.5     5.7 23974.8 26972.2 23853.2
A  64011.4     0.5     5.7 23974.3 26969.9 23853.2
A  64011.1     0.5     5.7 23974.3 26970.5 23853.9
A  64010.6     0.5     5.7 23974.6 26970.4 23851.9
A  64011.6     0.5     5.8 23973.9 26969.8 23850.0
A  64012.1     0.5     5.8 23974.8 26972.2 23855.2
A  64009.4     0.5     5.7 23973.9 26970.6 23850.5
A  64011.6     0.5     5.9 23974.8 26972.4 23854.4
A  64011.3     0.6     5.7 23974.2 26969.5 23852.9
A  64012.1     0.5     5.8 23974.5 26969.8 23854.1
A  64011.8     0.5     5.9 23974.7 26969.9 23854.0
A  64011.5     0.6     5.9 23974.6 26970.4 23852.8
A  64011.8     0.5     5.8 23974.6 26971.9 23855.1
A  64012.3     0.5     5.7 23974.7 26971.9 23855.5
A  64008.4     0.5     5.7 23973.4 26970.1 23850.2
A  64011.5     0.5     5.7 23974.2 26971.8 23854.0
A  64011.3     0.5     5.7 23974.7 26970.6 23853.5
A  64013.1     0.6     5.9 23975.3 26972.3 23855.0
A  64011.6     0.6     6.1 23975.0 26971.1 23854.0
A  64010.3     0.5     5.8 23974.0 26969.5 23852.1
A  64011.4     0.5     5.6 23974.3 26970.9 23854.2
A  64011.5     0.5     5.7 23974.1 26971.1 23854.8
A  64008.4     0.5     5.5 23973.2 26970.1 23849.7
A  64010.8     0.5     5.8 23974.4 26973.1 23854.1
A  64010.7     0.6     5.7 23974.3 26973.5 23851.9
A  64013.0     0.5     5.8 23975.3 26973.4 23855.1
A  64011.6     0.5     5.9 23974.7 26970.9 23853.8
A  64011.5     0.6     5.7 23974.3 26971.0 23853.3
A  64011.5     0.5     6.0 23974.6 26970.5 23854.5
A  64010.9     0.5     5.7 23974.5 26970.3 23851.7
A  64009.4     0.6     5.9 23974.5 26969.3 23850.4
A  64012.3     0.5     5.5 23974.4 26970.3 23854.4
A  64010.0     0.5     5.7 23974.1 26969.7 23850.7
A  64014.1     0.6     5.7 23975.1 26970.9 23855.2
A  64011.1     0.6     5.8 23974.5 26969.2 23853.1
A  64012.1     0.6     5.8 23974.6 26967.7 23853.4
A  64011.3     0.5     5.5 23973.8 26967.6 23853.5
A  64010.1     0.5     5.8 23973.5 26967.0 23850.9
A  64009.5     0.5     5.7 23973.5 26968.1 23849.9
A  64011.7     0.5     5.6 23974.1 26971.3 23854.8
A  64008.9     0.5     5.8 23973.2 26969.2 23849.8
A  64011.6     0.5     5.6 23974.6 26971.3 23853.9
A  64012.5     0.6     6.2 23974.9 26969.6 23854.0
A  64012.6     0.6     5.7 23974.8 26968.6 23854.4
A  64011.4     0.5     5.7 23973.9 26968.4 23853.9
A  64010.6     0.5     5.7 23973.6 26966.3 23851.5
A  64012.0     0.5     5.7 23974.9 26968.0 23855.5
A  64011.6     0.5     5.6 23974.3 26968.7 23854.9
A  64008.1     0.5     5.7 23973.9 26967.1 23850.1
A  64010.3     0.4     5.6 23974.0 26968.0 23853.4
A  64009.9     0.5     5.6 23973.9 26967.8 23851.8
A  64011.6     0.5     5.6 23974.5 26966.5 23853.8
A  64011.3     0.6     5.8 23974.8 26967.9 23854.1
A  64010.9     0.6     5.9 23974.5 26966.8 23852.2
A  64011.1     0.5     5.8 23974.5 26967.2 23854.7
A  64012.0     0.5     5.8 23974.7 26968.3 23855.5
A  64008.6     0.5     5.7 23973.6 26966.6 23850.0
A  64011.5     0.5     5.5 23974.2 26968.0 23853.9
A  64009.4     0.5     5.5 23973.5 26965.7 23851.0
A  64013.7     0.6     5.8 23975.1 26967.9 23855.0
A  64012.4     0.6     5.8 23974.5 26965.0 23854.1
A  64010.7     0.5     5.7 23973.6 26964.5 23851.8
A  64010.6     0.5     5.6 23973.4 26964.2 23853.4
A  64009.5     0.5     5.6 23973.7 26963.9 23850.5
A  64008.1     0.5     5.5 23972.8 26963.7 23848.8
A  64011.1     0.5     5.7 23974.0 26967.5 23854.3
A  64008.3     0.5     5.6 23973.1 26965.2 23850.2
A  64010.9     0.5     5.5 23973.9 26967.9 23853.5
A  64010.6     0.5     5.6 23973.8 26967.7 23852.6
A  64010.4     0.5     5.7 23973.5 26967.2 23852.5
A  64011.0     0.5     5.5 23973.8 26967.8 23853.9
A  64009.5     0.5     5.6 23973.0 26966.9 23850.6
A  64008.5     0.5     5.4 23972.8 26965.5 23849.4
A  64010.7     0.4     5.4 23973.2 26967.9 23853.7
A  64007.8     0.5     5.2 23972.1 26965.3 23849.4
A  64010.4     0.5     5.6 23973.3 26968.7 23853.2
A  64010.2     0.5     5.6 23973.4 26966.2 23852.3
A  64010.8     0.5     5.6 23973.8 26965.4 23852.6
A  64010.9     0.5     5.5 23973.8 26965.7 23853.1
A  64009.5     0.5     5.6 23973.6 26964.3 23851.2
A  64010.4     0.5     5.5 23973.7 26964.6 23848.9
A  64012.0     0.4     5.3 23974.0 26968.3 23854.4
A  64008.3     0.5     5.5 23973.0 26966.2 23849.6
A  64010.5     0.5     5.6 23973.7 26968.6 23853.3
A  64010.3     0.5     5.8 23974.0 26967.1 23852.3
A  64011.9     0.5     5.6 23974.0 26966.3 23853.3
A  64010.5     0.5     5.8 23973.8 26965.9 23853.1
A  64010.0     0.5     5.7 23973.8 26965.2 23851.4
A  64011.6     0.5     5.6 23973.9 26966.0 23853.8
A  64011.9     0.5     5.6 23974.3 26966.6 23854.5
A  64009.0     0.5     5.7 23973.4 26964.7 23849.2
A  64011.1     0.5     5.7 23974.3 26966.9 23853.9
A  64010.3     0.5     5.7 23973.9 26966.6 23851.8
A  64011.9     0.5     5.8 23974.3 26966.3 23854.0
A  64011.0     0.5     5.6 23973.9 26964.3 23853.2
A  64010.5     0.6     5.8 23973.7 26962.9 23852.1
A  64011.5     0.5     5.7 23974.4 26965.6 23854.2
A  64011.8     0.5     5.7 23974.4 26966.4 23855.0
A  64008.9     0.5     5.7 23973.2 26964.1 23849.5
A  64011.6     0.5     5.6 23974.6 26967.4 23854.5
A  64010.3     0.5     5.5 23973.9 26965.9 23851.6
A  64012.2     0.5     5.8 23974.3 26964.5 23854.3
A  64011.0     0.5     5.7 23974.1 26965.1 23853.4
A  64011.5     0.5     5.7 23973.8 26964.7 23852.7
A  64011.4     0.5     5.6 23973.3 26965.6 23853.4
A  64010.0     0.5     5.4 23973.3 26965.3 23850.7
A  64008.2     0.5     5.6 23972.5 26965.1 23848.8
A  64010.7     0.5     5.6 23973.8 26968.6 23853.8
A  64009.5     0.5     5.6 23973.8 26967.9 23851.3
A  64011.4     0.5     5.6 23974.0 26966.3 23854.2
A  64010.4     0.5     5.8 23973.9 26964.5 23852.5
A  64010.9     0.5     5.6 23973.7 26963.2 23852.7
A  64011.3     0.5     5.6 23973.7 26964.7 23853.3
A  64010.3     0.5     5.8 23973.7 26965.2 23851.6
A  64008.6     0.5     5.5 23972.6 26965.1 23849.3
A  64011.0     0.4     5.5 23973.3 26965.7 23853.9
A  64010.1     0.5     5.8 23973.3 26964.3 23851.1
A  64012.7     0.5     5.7 23974.6 26965.2 23855.6
A  64010.7     0.6     5.7 23973.5 26964.2 23852.8
A  64011.1     0.5     5.5 23973.3 26963.5 23853.0
A  64010.2     0.5     5.4 23973.0 26963.3 23852.8
A  64008.9     0.5     5.7 23973.2 26963.3 23851.1
A  64010.5     0.4     5.5 23973.2 26964.7 23853.9
A  64010.8     0.4     5.6 23973.5 26965.0 23854.5
A  64009.7     0.5     5.5 23973.0 26963.9 23851.0
A  64012.5     0.5     5.8 23974.3 26963.7 23855.5
A  64010.1     0.5     5.6 23973.5 26962.7 23852.5
A  64010.4     0.5     5.6 23973.0 26962.8 23852.7
A  64009.8     0.4     5.5 23972.6 26962.6 23852.2
A  64008.8     0.5     5.6 23972.4 26962.7 23851.2
A  64010.6     0.5     5.5 23973.3 26965.6 23853.7
A  64010.3     0.4     5.4 23973.4 26965.7 23854.1
A  64009.7     0.5     5.7 23973.1 26962.8 23850.5
A  64013.1     0.5     5.7 23974.6 26963.7 23856.0
A  64010.7     0.5     5.5 23973.6 26961.4 23852.2
A  64011.1     0.5     5.4 23973.4 26961.5 23853.2
A  64010.4     0.4     5.4 23973.1 26961.5 23852.5
A  64010.2     0.4     5.4 23973.3 26961.0 23852.1
A  64009.8     0.5     5.5 23972.9 26961.3 23852.8
A  64008.8     0.5     5.5 23972.6 26960.7 23850.0
A  64008.1     0.5     5.7 23972.7 26962.2 23849.4
A  64013.9     0.5     5.4 23974.7 26964.5 23856.2
A  64010.4     0.5     5.6 23973.7 26962.3 23851.8
A  64012.4     0.5     5.6 23974.1 26962.9 23854.2
A  64010.3     0.5     5.5 23973.4 26962.0 23852.5
A  64010.3     0.5     5.5 23973.4 26962.3 23852.2
A  64010.7     0.4     5.4 23973.2 26962.0 23853.3
A  64009.5     0.5     5.6 23973.1 26961.1 23850.6
A  64008.8     0.5     5.6 23972.7 26961.5 23849.5
A  64013.4     0.5     5.5 23974.3 26964.6 23856.1
A  64009.5     0.5     5.7 23973.0 26962.2 23850.9
A  64011.7     0.5     5.6 23973.6 26963.2 23853.5
A  64010.3     0.5     5.4 23973.4 26961.7 23851.5
A  64011.1     0.5     5.6 23973.7 26963.2 23852.5
A  64011.1     0.5     5.7 23973.7 26963.6 23853.2
A  64010.0     0.5     5.6 23973.6 26963.7 23851.1
A  64011.4     0.4     5.5 23974.0 26965.5 23854.4
A  64013.0     0.5     5.8 23974.7 26965.6 23856.7
A  64009.2     0.5     6.0 23973.4 26963.4 23851.3
A  64011.4     0.5     5.5 23973.6 26964.0 23853.9
A  64009.1     0.5     5.5 23972.7 26961.3 23851.0
A  64010.3     0.5     5.5 23972.7 26962.0 23851.9
A  64009.0     0.5     5.6 23972.7 26963.7 23851.7
A  64008.8     0.4     5.2 23972.2 26963.0 23850.3
A  64009.8     0.4     5.3 23972.7 26963.9 23852.8
A  64013.0     0.5     5.8 23974.1 26965.1 23855.8
A  64009.7     0.5     5.7 23973.2 26962.3 23851.0
A  64011.7     0.5     5.6 23973.7 26963.7 23854.5
A  64008.6     0.5     5.7 23972.8 26960.6 23850.8
A  64009.2     0.5     5.5 23972.5 26959.8 23852.2
A  64008.4     0.5     5.7 23972.6 26960.8 23851.5
A  64008.8     0.4     5.5 23973.1 26962.3 23851.2
A  64009.8     0.5     5.4 23973.2 26963.7 23853.3
A  64012.0     0.5     5.6 23973.9 26965.9 23855.4
A  64009.4     0.5     5.8 23972.7 26961.7 23850.4
A  64012.0     0.5     5.6 23973.9 26963.1 23854.8
A  64009.5     0.5     5.9 23973.3 26962.6 23851.5
A  64010.9     0.5     5.7 23973.3 26962.8 23853.3
A  64009.4     0.5     5.7 23972.8 26961.3 23851.9
A  64008.7     0.5     5.6 23972.4 26960.6 23851.0
A  64009.8     0.5     5.5 23972.7 26960.6 23852.7
A  64007.6     0.5     5.6 23972.3 26957.7 23849.7
A  64008.6     0.5     5.4 23972.0 26956.7 23849.5
A  64011.0     0.5     5.5 23972.5 26959.3 23854.0
A  64008.7     0.5     5.7 23972.1 26956.8 23849.8
A  64009.5     0.4     5.7 23972.5 26957.7 23852.6
A  64008.4     0.5     5.7 23972.1 26958.2 23851.0
A  64008.0     0.5     5.4 23971.8 26958.7 23850.8
A  64008.6     0.4     5.4 23971.9 26958.8 23851.5
A  64007.0     0.4     5.5 23971.9 26958.3 23849.7
A  64008.9     0.5     5.6 23972.7 26957.9 23850.6
A  64011.5     0.5     5.6 23973.4 26958.1 23855.1
A  64008.3     0.5     5.5 23972.0 26953.2 23850.1
A  64009.9     0.5     5.7 23972.9 26955.9 23853.1
A  64008.1     0.5     5.7 23972.4 26954.8 23850.8
A  64008.8     0.5     5.7 23972.4 26954.9 23851.4
A  64009.0     0.5     5.5 23972.4 26957.3 23851.6
A  64008.1     0.5     5.7 23972.6 26957.0 23850.3
A  64011.1     0.5     5.6 23973.3 26959.1 23854.5
A  64012.5     0.5     5.8 23973.9 26955.6 23855.9
A  64008.5     0.5     5.7 23972.9 26953.0 23851.0
A  64011.2     0.5     5.6 23973.3 26954.7 23854.4
A  64009.1     0.5     5.7 23972.7 26953.9 23851.1
A  64009.8     0.6     5.8 23973.2 26953.6 23852.6
A  64009.3     0.5     5.6 23972.6 26954.0 23852.1
A  64009.0     0.5     5.4 23972.5 26956.1 23850.9
A  64010.5     0.5     5.7 23972.9 26958.9 23853.2
A  64011.7     0.5     5.6 23973.1 26956.4 23855.1
A  64008.8     0.5     5.6 23972.6 26953.7 23850.0
A  64012.2     0.5     5.6 23973.3 26957.2 23854.7
A  64009.0     0.5     5.6 23972.5 26954.6 23851.0
A  64010.8     0.5     5.5 23973.3 26956.4 23853.3
A  64009.2     0.5     5.5 23972.1 26955.9 23851.7
A  64008.8     0.5     5.6 23972.1 26957.0 23851.0
A  64009.8     0.5     5.4 23972.6 26959.0 23853.3
A  64008.7     0.5     5.6 23972.7 26957.8 23851.3
A  64008.5     0.6     5.7 23972.7 26953.6 23850.4
A  64011.9     0.5     5.7 23973.6 26956.7 23855.6
A  64009.1     0.5     5.5 23972.8 26954.6 23851.1
A  64010.6     0.5     5.6 23973.4 26956.9 23853.8
A  64009.4     0.5     5.5 23972.7 26958.2 23852.2
A  64009.1     0.5     5.6 23972.7 26959.2 23852.1
A  64008.6     0.5     5.5 23972.8 26960.8 23852.9
A  64009.0     0.5     5.7 23972.8 26960.9 23851.3
A  64008.7     0.6     5.7 23973.0 26957.8 23850.7
A  64011.6     0.5     5.6 23973.8 26958.7 23855.3
A  64008.3     0.5     5.7 23972.5 26958.9 23850.5
A  64009.8     0.5     5.6 23972.6 26961.6 23853.1
A  64009.1     0.5     5.6 23972.7 26960.1 23851.4
A  64009.3     0.5     5.6 23973.3 26961.2 23851.8
A  64009.5     0.5     5.7 23973.4 26962.7 23852.4
A  64008.0     0.5     5.6 23972.9 26962.5 23850.4
A  64012.7     0.6     5.7 23974.5 26965.0 23855.8
A  64011.3     0.5     5.6 23973.5 26962.7 23855.2
A  64008.7     0.5     5.6 23972.9 26961.1 23850.6
A  64010.4     0.5     5.7 23973.3 26963.8 23853.8
A  64009.6     0.5     5.6 23972.8 26962.7 23851.5
A  64010.8     0.5     5.9 23973.9 26964.7 23853.0
A  64010.5     0.5     5.7 23973.6 26964.9 23852.7
A  64008.9     0.5     5.7 23972.8 26963.2 23850.5
A  64011.1     0.5     5.5 23973.2 26965.1 23853.9
A  64011.5     0.5     5.4 23973.5 26963.4 23855.0
A  64008.0     0.5     5.6 23972.4 26960.0 23849.5
A  64010.1     0.5     5.5 23972.5 26961.1 23853.0
A  64007.9     0.4     5.5 23972.0 26960.5 23850.2
A  64009.8     0.4     5.3 23972.3 26960.7 23852.1
A  64009.3     0.4     5.3 23972.3 26962.4 23851.3
A  64008.3     0.4     5.5 23971.9 26963.5 23850.1
A  64009.8     0.4     5.4 23972.7 26964.9 23852.9
A  64009.0     0.5     5.6 23973.3 26962.4 23854.8
A  64007.4     0.5     5.7 23972.0 26960.4 23849.0
A  64010.6     0.5     5.5 23972.5 26963.1 23853.4
A  64008.3     0.5     5.5 23972.2 26960.1 23850.0
A  64009.2     0.5     5.6 23972.4 26959.6 23852.0
A  64008.7     0.5     5.4 23972.4 26961.1 23851.5
A  64008.4     0.5     5.6 23972.2 26961.6 23850.9
A  64008.7     0.4     5.3 23972.2 26962.5 23852.1
A  64009.2     0.5     5.6 23972.5 26961.1 23850.7
A  64007.0     0.4     5.4 23971.7 26960.2 23848.5
A  64010.2     0.4     5.5 23972.7 26962.4 23853.7
A  64007.5     0.5     5.4 23971.8 26960.4 23849.5
A  64008.8     0.4     5.3 23972.0 26961.2 23851.8
A  64006.9     0.4     5.3 23971.5 26960.1 23849.8
A  64008.0     0.4     5.3 23971.8 26960.6 23850.3
A  64008.8     0.4     5.5 23972.3 26962.4 23851.5
A  64009.4     0.5     5.5 23972.6 26958.9 23850.8
A  64007.1     0.5     5.5 23971.8 26956.7 23849.2
A  64010.5     0.5     5.7 23973.0 26958.5 23854.4
A  64007.0     0.5     5.7 23971.9 26955.5 23849.4
A  64010.0     0.5     5.7 23973.2 26957.7 23853.5
A  64007.8     0.4     5.5 23971.9 26956.4 23850.4
A  64009.5     0.5     5.7 23972.9 26958.3 23852.0
A  64009.2     0.5     5.4 23972.7 26958.6 23851.9
A  64010.8     0.5     5.5 23973.4 26959.1 23852.4
A  64011.1     0.5     5.6 23973.3 26959.1 23854.4
A  64011.6     0.5     5.6 23973.3 26958.3 23854.9
A  64008.3     0.5     5.5 23972.4 26955.8 23850.1
A  64010.6     0.5     5.7 23973.3 26958.6 23853.9
A  64008.3     0.5     5.4 23972.0 26957.0 23850.3
A  64009.4     0.4     5.6 23972.5 26959.1 23851.6
A  64008.6     0.4     5.5 23972.9 26959.4 23851.7
A  64010.3     0.5     5.4 23973.0 26960.5 23851.8
A  64011.5     0.5     5.7 23973.3 26960.0 23854.5
A  64011.6     0.5     5.4 23973.2 26960.0 23855.0
A  64008.1     0.5     5.6 23972.0 26958.3 23849.4
A  64011.6     0.4     5.4 23973.2 26961.2 23854.3
A  64009.1     0.5     5.6 23972.9 26959.6 23851.0
A  64010.2     0.5     5.5 23972.7 26961.8 23852.2
A  64008.4     0.5     5.6 23972.0 26960.8 23851.0
A  64009.8     0.5     5.6 23972.7 26960.2 23851.9
A  64010.8     0.5     5.7 23973.4 26960.9 23854.3
A  64009.7     0.5     5.6 23972.9 26959.5 23851.3
A  64009.0     0.5     5.8 23972.9 26961.3 23850.1
A  64011.5     0.5     5.8 23973.4 26963.6 23854.2
A  64008.9     0.5     5.7 23972.8 26963.1 23850.5
A  64010.6     0.5     5.8 23973.3 26963.9 23852.6
A  64009.3     0.5     5.7 23972.8 26964.7 23851.2
A  64009.6     0.5     5.6 23972.8 26964.8 23851.1
A  64010.8     0.5     5.7 23973.6 26966.3 23853.4
A  64010.1     0.5     5.5 23973.2 26964.3 23851.6
A  64008.9     0.5     5.7 23972.5 26961.4 23849.7
A  64012.0     0.5     5.6 23973.9 26966.0 23855.0
A  64009.0     0.5     5.6 23972.8 26963.2 23850.4
A  64010.7     0.5     5.4 23973.1 26966.3 23853.3
A  64009.1     0.5     5.5 23972.8 26966.7 23851.0
A  64009.1     0.5     5.6 23972.6 26967.2 23851.5
A  64009.4     0.5     5.6 23972.9 26969.1 23852.1
A  64010.5     0.5     5.7 23973.9 26970.5 23852.1
A  64012.4     0.5     5.8 23974.5 26973.2 23855.6
A  64012.3     0.5     5.5 23973.8 26972.2 23855.7
A  64007.8     0.5     5.8 23972.9 26969.1 23850.3
A  64010.1     0.5     5.7 23973.7 26971.6 23854.2
A  64008.2     0.5     5.6 23972.9 26968.9 23851.2
A  64009.3     0.5     5.8 23972.7 26969.2 23851.8
A  64008.8     0.5     5.4 23972.4 26969.5 23851.1
A  64007.4     0.5     5.5 23972.2 26971.2 23849.9
A  64010.5     0.5     5.6 23973.4 26972.4 23853.9
A  64010.7     0.4     5.5 23973.6 26971.4 23854.9
A  64007.3     0.5     5.6 23972.2 26968.6 23849.4
A  64010.4     0.5     5.6 23972.9 26972.6 23853.7
A  64008.2     0.5     5.5 23972.2 26972.2 23850.6
A  64009.6     0.5     5.7 23973.3 26974.7 23852.4
A  64008.2     0.5     5.6 23972.2 26975.9 23851.0
A  64008.5     0.5     5.5 23972.3 26974.7 23850.4
A  64010.8     0.5     5.4 23973.4 26979.7 23853.4
A  64009.4     0.6     5.7 23972.6 26980.2 23855.1
A  64008.9     0.5     5.7 23973.3 26978.7 23850.3
A  64010.9     0.5     5.7 23973.2 26979.7 23854.3
A  64008.9     0.5     5.7 23973.1 26978.6 23851.0
A  64009.7     0.4     5.5 23972.6 26979.0 23852.0
A  64008.5     0.5     5.5 23972.5 26980.1 23850.9
A  64008.9     0.5     5.6 23972.8 26979.8 23850.6
A  64009.9     0.4     5.4 23972.8 26980.8 23852.4
A  64009.3     0.5     5.6 23973.0 26978.2 23850.9
A  64008.8     0.5     5.6 23973.1 26974.2 23850.0
A  64011.6     0.4     5.4 23973.7 26977.4 23854.7
A  64008.4     0.5     5.6 23973.0 26976.7 23850.4
A  64009.9     0.4     5.3 23973.4 26978.3 23853.0
A  64008.5     0.5     5.6 23973.1 26978.1 23851.1
A  64009.6     0.5     5.5 23973.3 26979.1 23851.8
A  64009.3     0.4     5.4 23972.5 26978.1 23851.8
A  64010.1     0.5     5.6 23973.6 26978.2 23851.6
A  64009.3     0.6     5.8 23973.4 26974.3 23850.3
A  64012.0     0.5     5.6 23973.9 26976.5 23855.3
A  64009.2     0.6     5.7 23973.2 26974.6 23850.8
A  64010.5     0.5     5.8 23974.2 26976.1 23854.0
A  64009.7     0.5     5.7 23973.3 26975.7 23851.4
A  64010.9     0.5     5.6 23973.2 26977.3 23852.2
A  64010.2     0.5     5.6 23973.2 26979.1 23852.2
A  64008.9     0.4     5.4 23972.9 26979.4 23850.2
A  64011.8     0.5     5.3 23973.1 26981.3 23853.8
A  64013.0     0.6     5.8 23974.4 26980.9 23855.1
