A  55050.6 41275.3     3.7 44936.3 27240.3 24058.8
A  55050.7 41274.2     3.7 44938.6 27239.4 24062.8
A  55050.4 41274.3     3.8 44937.6 27236.8 24060.6
A  55050.1 41273.5     3.9 44938.3 27233.9 24061.7
A  55049.9 41273.9     3.9 44938.3 27230.9 24061.4
A  55050.6 41274.5     3.7 44937.5 27227.3 24060.3
A  55050.7 41274.0     3.7 44938.5 27227.5 24063.2
A  55050.0 41273.4     3.7 44938.1 27224.5 24064.2
A  55050.2 41274.6     3.8 44936.3 27220.1 24058.6
A  55050.3 41273.7     3.8 44937.9 27219.7 24063.2
A  55049.7 41273.6     3.9 44939.3 27216.3 24059.7
A  55049.7 41273.0     3.8 44938.5 27215.1 24061.8
A  55049.6 41273.6     3.8 44935.0 27211.8 24061.1
A  55049.7 41273.8     3.8 44935.7 27210.7 24060.8
A  55050.4 41274.6     3.8 44936.7 27211.1 24062.3
A  55050.7 41274.3     3.8 44935.8 27208.0 24059.7
A  55049.9 41274.1     3.9 44936.7 27202.3 24058.6
A  55050.5 41274.1     3.9 44938.9 27202.9 24063.8
A  55050.2 41274.2     3.8 44937.3 27198.5 24059.7
A  55049.7 41272.7     3.9 44939.0 27198.7 24062.2
A  55049.3 41272.6     3.7 44937.0 27196.7 24060.5
A  55049.7 41273.4     3.8 44937.0 27196.1 24060.6
A  55048.8 41272.5     3.6 44937.4 27194.3 24061.2
A  55048.7 41272.3     3.6 44932.4 27190.5 24058.6
A  55048.1 41271.7     3.9 44936.6 27185.3 24057.1
A  55048.6 41270.9     3.7 44939.1 27187.0 24063.0
A  55047.8 41271.3     3.7 44935.9 27183.4 24057.9
A  55048.1 41270.9     3.7 44936.0 27184.3 24061.1
A  55048.2 41270.9     3.7 44933.0 27182.3 24059.3
A  55048.4 41270.6     3.7 44938.5 27179.9 24060.2
A  55047.9 41271.1     3.7 44938.3 27177.6 24059.7
A  55048.9 41271.6     3.6 44938.3 27175.6 24058.3
A  55048.7 41270.6     3.5 44939.2 27175.3 24062.1
A  55048.6 41270.6     3.7 44940.6 27171.1 24063.4
A  55048.0 41270.5     3.8 44939.0 27167.3 24057.7
A  55048.9 41270.9     3.7 44940.5 27167.0 24061.4
A  55048.9 41271.6     3.6 44938.7 27165.7 24059.0
A  55048.2 41270.8     3.7 44936.7 27164.9 24059.8
A  55047.2 41269.6     3.7 44935.9 27162.5 24059.8
A  55048.6 41271.2     3.8 44936.3 27160.0 24059.1
A  55049.1 41271.4     3.7 44937.6 27161.2 24061.7
A  55048.6 41270.6     3.7 44937.5 27158.9 24062.5
A  55048.2 41270.8     3.8 44936.3 27155.6 24057.6
A  55049.0 41270.9     3.7 44937.9 27155.5 24062.4
A  55047.9 41270.8     3.8 44936.2 27153.0 24058.5
A  55048.7 41271.0     3.8 44937.3 27152.8 24060.6
A  55048.0 41270.9     3.8 44936.5 27151.2 24059.5
A  55048.4 41270.6     3.8 44937.6 27151.4 24059.2
A  55048.3 41270.7     3.8 44938.4 27149.3 24061.4
A  55048.2 41270.7     3.8 44936.6 27146.3 24057.5
A  55047.1 41270.0     3.7 44935.5 27144.1 24055.7
A  55047.6 41269.1     3.8 44936.8 27145.1 24060.7
A  55047.3 41269.5     3.8 44938.6 27141.5 24056.9
A  55047.2 41269.2     4.0 44938.7 27142.0 24059.4
A  55047.3 41270.0     3.8 44937.7 27139.1 24058.2
A  55047.8 41269.3     3.6 44937.8 27136.7 24057.9
A  55047.2 41268.4     3.7 44938.3 27137.6 24059.0
A  55047.8 41269.6     3.8 44937.4 27133.6 24056.4
A  55047.7 41270.2     3.8 44936.2 27130.1 24055.5
A  55047.6 41269.1     3.8 44937.3 27132.1 24060.4
A  55047.0 41269.2     3.8 44936.6 27129.1 24055.9
A  55047.3 41269.0     3.8 44935.5 27130.7 24059.0
A  55047.8 41269.7     3.9 44937.0 27128.8 24057.5
A  55048.2 41270.4     3.9 44937.7 27128.0 24058.2
A  55047.9 41269.6     3.8 44937.6 27127.8 24059.3
A  55048.4 41270.4     3.9 44936.4 27125.0 24057.1
A  55047.9 41270.6     4.0 44936.4 27122.2 24055.4
A  55048.5 41270.4     4.0 44937.1 27124.5 24061.2
A  55047.2 41269.2     4.1 44935.9 27120.2 24055.8
A  55048.4 41270.2     3.9 44938.2 27120.0 24059.2
A  55048.5 41271.2     4.1 44937.4 27119.0 24057.6
A  55048.8 41270.7     3.9 44938.0 27118.4 24058.2
A  55048.4 41271.2     4.1 44938.2 27116.7 24058.7
A  55049.1 41271.1     4.1 44937.8 27115.1 24057.2
A  55048.6 41270.6     4.0 44937.7 27115.0 24059.7
A  55049.1 41270.0     4.0 44939.2 27113.2 24061.1
A  55048.4 41270.7     4.0 44936.9 27109.4 24055.5
A  55048.5 41269.4     3.9 44938.2 27109.9 24059.2
A  55048.1 41270.7     4.0 44937.2 27105.7 24056.0
A  55048.9 41270.3     4.0 44938.2 27107.2 24058.2
A  55048.0 41269.9     4.0 44937.5 27104.8 24057.4
A  55048.3 41270.3     4.0 44937.9 27103.9 24056.2
A  55047.9 41269.9     4.0 44938.2 27103.1 24058.4
A  55048.4 41270.2     4.1 44938.8 27100.3 24059.7
A  55048.2 41270.0     4.0 44935.6 27097.6 24054.8
A  55047.9 41269.8     4.0 44938.4 27099.1 24059.2
A  55047.6 41269.6     4.0 44936.7 27096.4 24055.9
A  55048.5 41269.9     4.0 44938.4 27097.2 24058.0
A  55047.8 41269.9     4.0 44937.2 27094.5 24056.9
A  55048.3 41269.2     4.0 44937.6 27093.3 24056.9
A  55048.4 41269.5     4.1 44938.3 27093.5 24058.6
A  55048.5 41270.6     4.0 44937.5 27091.3 24055.8
A  55047.0 41269.3     4.0 44935.5 27088.4 24053.4
A  55047.8 41268.9     3.8 44937.7 27089.8 24058.6
A  55047.4 41268.9     3.8 44936.1 27087.7 24054.6
A  55047.1 41268.1     3.7 44937.2 27088.7 24056.4
A  55048.0 41269.3     3.8 44937.4 27088.3 24056.2
A  55047.4 41268.8     4.0 44937.2 27087.0 24055.8
A  55046.4 41267.4     3.9 44936.7 27087.4 24056.2
A  55047.2 41268.8     3.8 44935.6 27086.6 24054.2
A  55047.2 41268.7     3.9 44936.1 27084.8 24053.9
A  55046.8 41267.0     3.9 44937.3 27085.7 24057.8
A  55046.5 41268.1     3.8 44935.3 27083.0 24053.7
A  55046.2 41266.4     3.8 44936.6 27083.3 24056.6
A  55046.2 41266.8     3.8 44935.5 27081.2 24055.0
A  55047.2 41267.4     3.8 44937.3 27081.0 24055.9
A  55046.4 41267.0     3.8 44937.2 27079.1 24056.2
A  55047.4 41268.7     4.0 44936.8 27077.5 24055.2
A  55047.4 41268.1     3.8 44937.8 27078.1 24057.8
A  55047.2 41266.9     3.8 44938.0 27076.7 24058.6
A  55046.9 41267.0     3.7 44935.9 27073.4 24053.9
A  55047.6 41267.5     3.8 44936.9 27074.2 24057.7
A  55046.7 41267.4     3.9 44935.5 27072.0 24054.8
A  55047.2 41267.6     3.9 44937.4 27072.5 24056.4
A  55047.9 41268.4     3.9 44937.4 27070.0 24056.5
A  55048.2 41269.0     4.1 44936.6 27068.9 24055.8
A  55047.7 41268.6     3.9 44937.4 27069.0 24057.7
A  55047.9 41268.0     3.9 44937.5 27068.2 24059.1
A  55048.1 41268.7     3.8 44935.7 27064.8 24054.3
A  55047.7 41267.7     4.0 44937.4 27065.9 24057.7
A  55047.5 41268.4     3.9 44935.7 27064.6 24054.8
A  55048.1 41268.6     4.0 44937.6 27063.8 24056.7
A  55047.4 41268.0     3.8 44937.0 27062.4 24056.0
A  55047.1 41267.4     3.7 44935.5 27061.8 24054.7
A  55046.6 41266.4     3.8 44936.9 27063.0 24056.7
A  55047.4 41267.9     3.8 44937.2 27062.0 24053.8
A  55047.4 41268.2     3.8 44936.8 27060.3 24053.3
A  55047.9 41267.7     3.9 44938.8 27061.6 24058.2
A  55046.6 41267.2     4.0 44936.4 27060.0 24054.2
A  55046.9 41267.9     3.9 44937.5 27060.4 24056.2
A  55047.2 41268.0     3.8 44937.2 27058.7 24055.2
A  55047.3 41268.0     3.8 44937.1 27056.8 24055.0
A  55047.1 41267.3     3.9 44937.4 27056.3 24056.6
A  55046.8 41267.4     4.0 44936.3 27053.4 24054.3
A  55045.9 41266.6     3.8 44935.5 27050.7 24052.9
A  55046.5 41266.5     3.8 44937.5 27054.4 24057.5
A  55046.8 41267.2     3.7 44936.1 27053.9 24053.7
A  55046.9 41267.2     3.8 44937.7 27055.7 24056.6
A  55047.0 41267.3     3.8 44938.3 27055.1 24055.4
A  55047.1 41267.5     3.9 44939.8 27053.5 24055.3
A  55047.4 41267.5     3.7 44940.3 27054.6 24056.5
A  55047.3 41267.8     3.8 44940.2 27052.5 24054.1
A  55047.2 41267.8     3.9 44942.1 27047.0 24053.4
A  55047.0 41266.4     3.8 44943.3 27049.2 24058.0
A  55046.8 41267.5     3.8 44940.6 27045.3 24053.4
A  55047.7 41267.5     3.8 44940.3 27046.2 24057.0
A  55047.0 41267.0     3.8 44937.6 27044.2 24054.6
A  55046.8 41266.7     3.8 44939.5 27044.3 24055.0
A  55046.2 41265.9     4.0 44937.9 27046.3 24055.4
A  55046.9 41266.9     3.7 44937.7 27044.2 24054.5
A  55046.9 41266.9     3.9 44939.0 27045.1 24057.7
A  55047.2 41266.7     3.8 44939.1 27046.0 24057.8
A  55046.2 41266.9     4.0 44937.0 27041.9 24053.2
A  55046.9 41266.9     3.7 44938.4 27042.5 24056.7
A  55046.1 41266.9     4.0 44937.4 27040.2 24054.2
A  55046.2 41265.5     3.9 44938.5 27042.6 24055.7
A  55046.2 41266.6     3.8 44937.6 27040.3 24055.2
A  55047.6 41267.9     4.0 44938.4 27039.7 24055.1
A  55046.8 41267.0     4.0 44939.4 27041.2 24057.0
A  55047.7 41267.6     3.9 44938.4 27042.5 24058.8
A  55047.4 41268.3     4.0 44937.7 27038.0 24053.8
A  55047.9 41267.6     3.9 44940.0 27037.0 24057.9
A  55047.0 41267.2     4.1 44938.0 27033.9 24054.5
A  55047.1 41266.9     3.9 44938.6 27035.3 24056.2
A  55046.4 41266.7     4.0 44938.0 27033.2 24055.2
A  55047.0 41266.8     3.9 44937.3 27032.6 24055.2
A  55046.7 41266.4     3.8 44938.9 27032.1 24056.9
A  55046.6 41266.7     3.8 44939.2 27031.1 24053.6
A  55046.6 41266.8     3.9 44939.7 27028.9 24052.9
A  55047.7 41267.2     3.6 44940.2 27030.8 24057.6
A  55046.0 41266.4     3.9 44937.4 27028.8 24053.4
A  55046.7 41266.1     3.8 44937.6 27029.5 24056.2
A  55046.4 41266.9     3.8 44939.2 27028.9 24054.4
A  55047.5 41267.1     3.9 44939.6 27029.4 24055.4
A  55047.0 41266.4     3.9 44941.5 27029.1 24056.3
A  55047.4 41267.1     3.9 44940.0 27028.8 24054.4
A  55046.7 41266.6     3.8 44938.7 27029.9 24053.0
A  55047.0 41266.3     3.8 44940.0 27031.1 24057.5
A  55046.4 41266.3     3.7 44939.1 27028.1 24053.4
A  55046.6 41266.2     3.7 44939.9 27029.2 24056.1
A  55045.5 41265.3     3.8 44938.9 27026.0 24053.6
A  55046.4 41266.2     3.8 44939.5 27024.7 24054.6
A  55046.5 41266.2     3.9 44939.8 27024.0 24055.4
A  55046.4 41266.2     3.7 44938.2 27020.9 24053.5
A  55046.7 41265.6     3.9 44938.9 27021.6 24056.6
A  55046.2 41265.0     3.7 44940.7 27023.6 24057.3
A  55046.4 41266.2     3.8 44938.9 27021.4 24052.7
A  55047.5 41267.1     3.9 44939.3 27025.2 24056.8
A  55046.8 41266.1     3.9 44938.7 27024.1 24054.3
A  55046.9 41266.3     3.9 44939.1 27025.6 24055.3
A  55047.0 41266.6     4.0 44939.1 27025.5 24055.7
A  55047.3 41267.4     4.1 44937.9 27023.2 24054.6
A  55047.3 41266.3     3.9 44938.3 27023.6 24057.2
A  55047.4 41266.5     4.1 44938.6 27023.4 24058.2
A  55046.6 41266.8     4.1 44936.7 27018.3 24053.0
A  55047.9 41266.9     3.9 44939.2 27018.4 24057.4
A  55046.9 41267.1     4.0 44937.2 27015.4 24054.0
A  55048.3 41266.7     3.8 44939.4 27016.9 24056.6
A  55046.6 41266.2     3.8 44937.6 27014.8 24054.6
A  55047.1 41266.6     3.7 44938.5 27015.2 24054.4
A  55046.8 41265.6     3.9 44940.8 27015.6 24056.2
A  55047.2 41267.3     3.9 44937.8 27013.1 24053.6
A  55046.7 41266.4     3.9 44938.0 27012.4 24052.8
A  55046.3 41265.4     3.9 44938.2 27015.3 24056.4
A  55046.6 41266.1     3.9 44936.4 27014.8 24053.8
A  55046.6 41265.8     3.9 44938.7 27015.5 24055.9
A  55046.0 41266.2     3.9 44938.8 27014.1 24054.0
A  55045.8 41265.3     4.0 44941.6 27011.9 24054.2
A  55046.2 41265.6     3.9 44940.9 27011.5 24055.6
A  55046.2 41265.9     3.9 44939.6 27011.0 24053.2
A  55045.6 41265.6     3.9 44938.6 27008.1 24051.8
A  55046.0 41264.2     3.6 44939.0 27010.4 24056.1
A  55046.0 41266.0     3.9 44937.5 27007.2 24052.5
A  55046.3 41265.2     3.9 44938.8 27008.3 24055.3
A  55046.1 41265.3     3.8 44938.0 27007.6 24053.5
A  55046.9 41265.5     3.8 44938.7 27010.5 24054.9
A  55047.1 41266.2     3.9 44940.6 27009.7 24055.8
A  55047.5 41266.7     4.0 44941.0 27008.1 24054.0
A  55047.3 41265.6     3.8 44940.7 27003.9 24052.4
A  55047.1 41265.6     3.9 44941.5 27007.1 24057.4
A  55046.8 41266.2     3.9 44940.2 27003.3 24053.1
A  55046.7 41265.5     3.9 44941.4 27003.8 24056.0
A  55046.9 41266.3     3.9 44939.1 27002.8 24054.1
A  55046.8 41266.2     3.9 44940.3 27002.8 24054.5
A  55046.3 41265.3     3.9 44941.3 27000.3 24054.8
A  55046.6 41266.0     3.9 44941.9 26999.2 24053.4
A  55047.3 41265.9     3.7 44942.6 27001.2 24056.0
A  55046.8 41265.0     4.0 44943.4 27000.8 24057.5
A  55046.3 41265.5     3.9 44941.7 27000.0 24052.5
A  55046.9 41265.3     3.8 44943.3 27001.9 24056.3
A  55046.3 41265.4     3.8 44941.8 26997.7 24053.3
A  55046.8 41265.8     4.0 44940.2 26997.7 24055.1
A  55046.6 41265.1     3.8 44940.8 26996.8 24055.0
A  55046.9 41265.9     3.9 44937.9 26994.6 24054.3
A  55046.1 41265.6     4.1 44940.3 26994.6 24055.5
A  55046.5 41265.1     3.8 44938.6 26994.1 24056.9
A  55046.1 41265.3     3.9 44936.7 26990.4 24052.3
A  55047.3 41265.9     3.8 44938.4 26993.1 24056.4
A  55046.6 41265.7     3.7 44938.3 26991.9 24053.5
A  55046.3 41264.8     3.7 44940.1 26990.8 24055.1
A  55046.1 41264.9     3.8 44940.3 26990.3 24054.3
A  55047.3 41266.3     4.0 44940.0 26990.6 24054.3
A  55047.0 41265.5     3.9 44940.8 26990.6 24055.9
A  55046.8 41265.6     4.0 44939.4 26987.8 24053.2
A  55046.8 41266.4     4.0 44941.2 26985.8 24052.4
A  55047.5 41265.5     3.9 44943.4 26989.1 24056.8
A  55046.7 41265.5     3.8 44939.7 26986.1 24052.7
A  55046.9 41264.7     3.7 44938.9 26985.9 24055.2
A  55045.6 41264.7     3.9 44938.1 26984.3 24053.6
A  55046.2 41265.0     3.9 44939.3 26984.4 24054.1
A  55046.4 41265.1     3.9 44939.7 26984.5 24055.2
A  55047.0 41265.2     3.8 44938.7 26983.3 24053.4
A  55046.7 41265.6     3.9 44938.6 26983.0 24052.0
A  55047.0 41265.9     3.9 44940.6 26983.6 24056.7
A  55046.6 41265.1     3.8 44939.0 26982.5 24053.2
A  55046.9 41264.6     3.7 44940.0 26982.7 24055.9
A  55045.9 41264.8     3.9 44939.5 26981.6 24053.8
A  55046.5 41264.7     3.8 44939.9 26980.7 24054.4
A  55046.2 41265.1     3.9 44939.6 26979.8 24054.5
A  55046.9 41265.4     3.9 44940.1 26980.5 24053.7
A  55047.0 41265.6     3.9 44940.6 26980.5 24056.5
A  55047.5 41265.4     4.1 44941.4 26980.5 24057.7
A  55046.5 41265.8     4.1 44938.9 26977.9 24052.6
A  55047.1 41265.4     3.9 44940.3 26979.2 24055.8
A  55046.9 41265.6     3.9 44938.0 26978.1 24053.9
A  55047.4 41265.4     3.8 44939.0 26978.7 24055.3
A  55046.4 41264.9     3.8 44938.6 26978.6 24054.6
A  55046.6 41265.1     3.7 44939.2 26977.4 24053.2
A  55046.1 41264.5     3.7 44939.0 26977.2 24055.2
A  55046.0 41263.9     3.9 44938.6 26978.8 24056.0
A  55046.0 41265.0     3.9 44934.7 26977.3 24051.6
A  55046.7 41265.2     3.8 44940.2 26980.1 24055.8
A  55046.6 41265.1     3.8 44939.0 26979.3 24053.3
A  55047.0 41265.7     3.9 44938.6 26980.1 24055.2
A  55046.0 41264.6     3.9 44937.9 26978.1 24054.5
A  55046.3 41265.2     4.0 44938.1 26977.1 24054.0
A  55046.0 41264.2     3.9 44938.2 26979.5 24055.6
A  55046.2 41265.3     4.0 44939.4 26978.6 24053.0
A  55046.1 41265.5     4.2 44941.0 26977.7 24051.8
A  55046.9 41266.1     3.9 44942.3 26980.5 24056.4
A  55046.1 41264.7     3.9 44941.2 26978.2 24053.1
A  55046.4 41264.3     3.8 44941.9 26979.0 24055.2
A  55045.8 41264.6     4.0 44940.2 26979.8 24053.9
A  55046.3 41264.7     3.7 44940.5 26978.5 24053.8
A  55046.1 41264.0     3.8 44940.9 26977.1 24054.9
A  55045.7 41264.8     3.8 44939.4 26975.6 24052.3
A  55045.8 41264.7     3.8 44939.0 26974.1 24051.7
A  55046.1 41264.2     3.9 44940.6 26976.3 24056.4
A  55045.7 41264.7     3.8 44939.3 26975.5 24052.7
A  55046.0 41264.5     4.0 44941.2 26979.2 24055.4
A  55045.1 41264.0     3.8 44939.6 26979.2 24053.2
A  55045.1 41263.6     3.8 44940.0 26978.6 24053.6
A  55045.4 41263.8     3.7 44939.4 26978.5 24054.6
A  55046.0 41264.3     3.8 44939.8 26978.3 24052.7
A  55045.7 41263.7     3.8 44939.7 26981.5 24055.6
A  55045.6 41263.8     3.8 44940.0 26981.6 24056.2
A  55045.0 41263.8     3.8 44938.2 26977.0 24051.9
A  55045.0 41263.3     3.7 44939.4 26979.9 24054.4
A  55044.7 41262.9     3.6 44938.5 26979.7 24052.3
A  55044.8 41263.3     3.8 44939.6 26980.2 24053.6
A  55045.3 41264.0     3.8 44939.2 26980.8 24053.9
A  55045.9 41264.3     3.7 44938.6 26978.6 24053.0
A  55045.7 41263.9     3.8 44940.1 26977.6 24055.0
A  55045.7 41263.4     3.6 44940.8 26977.2 24055.6
A  55044.6 41263.1     3.7 44938.6 26972.9 24051.0
A  55044.6 41262.4     3.7 44939.9 26975.2 24054.4
A  55044.6 41262.8     3.6 44938.5 26973.1 24051.9
A  55045.8 41264.1     3.6 44939.5 26974.4 24054.0
A  55045.0 41262.9     3.6 44939.6 26974.4 24053.3
A  55045.6 41263.8     3.7 44939.5 26973.3 24052.7
A  55044.7 41262.7     3.7 44940.3 26973.3 24054.5
A  55045.3 41263.1     3.7 44939.8 26972.5 24055.6
A  55044.7 41263.1     3.6 44937.8 26969.7 24051.0
A  55045.4 41262.9     3.5 44938.1 26972.4 24055.1
A  55044.8 41263.2     3.8 44937.9 26971.1 24052.2
A  55045.6 41263.3     3.6 44938.5 26971.5 24054.2
A  55044.7 41262.7     3.6 44938.2 26970.1 24053.1
A  55045.0 41263.2     3.8 44938.0 26970.2 24052.6
A  55044.8 41262.1     3.5 44938.7 26970.9 24054.1
A  55044.4 41263.0     3.7 44936.6 26970.5 24051.2
A  55044.7 41263.1     3.6 44936.4 26971.6 24050.6
A  55044.4 41262.2     3.6 44938.7 26974.8 24054.4
A  55044.9 41263.0     3.5 44937.9 26973.5 24051.5
A  55045.2 41262.8     3.5 44937.6 26974.6 24053.5
A  55044.4 41262.7     3.5 44936.5 26973.2 24052.2
A  55045.9 41264.2     3.7 44938.2 26974.1 24053.5
A  55045.8 41263.9     3.7 44937.7 26973.1 24054.6
A  55045.8 41263.9     3.7 44936.7 26971.5 24052.3
A  55045.3 41263.9     3.7 44935.4 26970.0 24050.9
A  55044.9 41262.3     3.7 44937.4 26973.2 24055.4
A  55045.5 41263.8     3.6 44935.0 26971.3 24051.6
A  55045.6 41263.6     3.7 44936.6 26972.8 24054.6
A  55044.9 41263.1     3.5 44935.5 26971.3 24052.5
A  55045.2 41263.6     3.9 44936.5 26973.8 24053.7
A  55045.2 41263.1     3.9 44937.3 26974.4 24054.1
A  55045.3 41263.5     3.8 44936.6 26973.3 24052.3
A  55044.7 41262.6     3.6 44937.3 26975.9 24055.0
A  55046.0 41263.6     3.7 44938.2 26975.8 24055.9
A  55045.3 41263.5     3.8 44936.1 26972.9 24051.8
A  55046.7 41264.2     3.7 44937.5 26974.9 24055.7
A  55046.2 41264.7     3.8 44936.3 26974.3 24053.4
A  55045.9 41263.8     3.9 44937.3 26974.1 24054.3
A  55045.7 41263.5     3.8 44936.5 26974.5 24053.8
A  55045.9 41264.2     3.8 44937.1 26975.6 24053.1
A  55045.7 41263.9     3.8 44937.6 26975.0 24054.7
A  55045.5 41263.5     3.7 44938.0 26973.5 24056.0
A  55045.6 41263.7     3.8 44936.8 26969.7 24051.6
A  55045.7 41263.7     3.8 44938.5 26974.0 24055.4
A  55045.3 41263.4     3.8 44937.3 26972.2 24052.7
A  55045.6 41263.3     3.9 44938.1 26974.7 24054.3
A  55044.9 41263.8     3.9 44937.2 26975.9 24053.3
A  55045.5 41263.5     3.8 44937.6 26978.1 24052.9
A  55045.0 41263.4     3.7 44937.5 26980.2 24054.3
A  55045.2 41263.7     3.8 44936.5 26980.5 24051.9
A  55045.8 41264.6     3.8 44936.9 26979.8 24051.3
A  55045.1 41262.8     3.9 44938.1 26982.1 24055.8
A  55044.6 41262.4     3.6 44935.8 26980.0 24051.8
A  55044.8 41263.1     3.8 44937.1 26980.2 24054.0
A  55044.6 41262.9     3.7 44937.0 26977.6 24053.0
A  55045.6 41263.6     3.7 44937.4 26977.7 24053.6
A  55044.8 41263.1     3.7 44938.0 26976.8 24054.8
A  55045.3 41263.6     3.7 44936.6 26976.3 24052.2
A  55045.7 41263.6     3.5 44936.1 26974.2 24051.3
A  55045.5 41262.9     3.6 44938.3 26976.7 24055.6
A  55045.3 41263.7     3.8 44936.6 26976.1 24052.2
A  55045.7 41263.3     3.8 44938.4 26978.4 24055.1
A  55045.6 41263.6     3.8 44937.8 26978.3 24053.3
A  55046.6 41264.1     3.8 44938.4 26978.9 24054.3
A  55046.0 41264.2     3.8 44938.3 26976.8 24055.0
A  55046.5 41264.9     3.7 44937.4 26974.3 24053.0
A  55046.2 41263.8     3.7 44938.9 26975.1 24055.7
A  55046.7 41263.0     3.6 44939.8 26975.2 24056.7
A  55046.3 41264.9     3.7 44938.9 26976.4 24052.4
A  55046.8 41264.2     3.7 44939.3 26981.0 24055.6
A  55046.4 41264.5     3.8 44938.0 26982.3 24053.4
A  55046.5 41264.6     3.7 44938.1 26982.7 24054.3
A  55045.9 41263.8     3.7 44938.5 26982.7 24054.4
A  55046.2 41264.2     3.8 44938.7 26979.9 24053.3
A  55045.8 41263.5     3.8 44939.0 26979.2 24055.4
A  55045.4 41262.8     3.7 44938.7 26978.7 24055.7
A  55045.3 41263.3     3.7 44936.8 26976.1 24051.7
A  55046.2 41263.7     3.6 44938.8 26979.8 24055.3
A  55045.9 41263.9     3.7 44937.7 26977.9 24052.8
A  55046.2 41263.8     3.5 44938.4 26978.7 24054.1
A  55045.4 41262.8     3.7 44938.0 26978.8 24053.6
A  55046.8 41265.3     3.8 44938.3 26978.2 24053.6
A  55046.0 41263.9     3.9 44939.2 26979.6 24055.4
A  55046.6 41263.6     3.8 44939.8 26980.7 24056.3
A  55045.8 41263.9     3.8 44937.7 26977.7 24051.5
A  55046.8 41264.1     3.6 44939.4 26978.4 24055.8
A  55046.2 41264.6     3.8 44937.8 26977.0 24052.5
A  55046.7 41263.9     3.7 44939.2 26978.4 24054.9
A  55046.6 41264.6     3.7 44939.0 26977.2 24054.1
A  55046.9 41264.8     3.8 44939.3 26976.9 24053.8
A  55046.2 41264.1     3.8 44939.6 26977.3 24055.2
A  55046.8 41264.8     3.9 44939.0 26975.3 24052.6
A  55046.1 41264.6     3.7 44937.3 26976.7 24051.6
A  55046.4 41264.2     3.6 44939.0 26980.2 24055.5
A  55047.0 41265.4     3.7 44938.3 26979.2 24052.7
A  55046.4 41263.6     3.7 44938.9 26980.6 24055.0
A  55045.8 41263.7     3.8 44938.1 26979.2 24053.4
A  55046.8 41264.8     3.7 44938.0 26979.3 24054.0
A  55046.4 41264.3     3.7 44938.5 26980.2 24054.6
A  55046.8 41265.2     3.9 44938.8 26981.5 24053.4
A  55046.8 41265.2     3.8 44937.5 26981.7 24052.0
A  55047.6 41265.6     3.8 44940.2 26986.2 24056.7
A  55047.5 41265.8     3.8 44938.2 26983.4 24052.7
A  55047.2 41265.0     3.8 44939.6 26983.3 24055.4
A  55046.9 41264.7     3.8 44938.8 26982.0 24053.9
A  55047.4 41265.6     3.8 44939.2 26982.1 24054.5
A  55046.7 41265.1     3.8 44939.4 26982.6 24054.4
A  55046.6 41264.7     3.9 44939.0 26983.2 24052.8
A  55046.8 41264.7     3.7 44939.4 26983.9 24055.5
A  55047.2 41264.7     3.7 44939.6 26988.1 24056.4
A  55047.2 41265.6     3.8 44937.9 26985.0 24052.3
A  55047.7 41265.5     3.8 44939.7 26988.7 24055.7
A  55046.7 41264.9     3.9 44937.1 26986.6 24053.4
A  55048.1 41266.2     3.7 44937.7 26985.3 24054.9
A  55047.4 41265.9     3.8 44936.8 26983.3 24054.6
A  55047.5 41265.0     3.8 44936.2 26980.9 24053.7
A  55047.0 41264.9     3.9 44937.8 26981.6 24055.2
A  55047.8 41264.9     3.7 44935.5 26982.4 24056.7
A  55047.5 41266.0     3.7 44930.9 26979.1 24051.5
A  55047.8 41265.4     3.7 44933.5 26981.1 24055.9
A  55047.0 41264.6     3.7 44932.4 26981.8 24053.0
A  55047.1 41264.7     3.8 44936.7 26982.9 24054.7
A  55047.6 41265.6     3.6 44938.4 26984.3 24054.5
A  55047.9 41265.6     3.7 44934.6 26985.2 24054.7
A  55047.9 41265.1     3.8 44934.0 26984.9 24055.6
A  55048.4 41266.4     3.7 44933.6 26983.9 24053.1
A  55047.5 41265.3     3.7 44933.5 26983.5 24052.3
A  55048.2 41265.6     3.8 44935.4 26985.0 24057.1
A  55047.1 41265.5     4.0 44933.3 26982.0 24053.1
A  55048.1 41266.4     4.0 44934.7 26984.4 24056.0
A  55048.3 41267.2     3.8 44934.1 26984.8 24054.7
A  55047.4 41265.4     3.7 44933.3 26987.3 24053.8
A  55047.0 41265.4     3.8 44934.1 26990.7 24055.1
A  55047.3 41265.8     3.8 44933.7 26989.9 24052.8
A  55046.7 41265.8     4.0 44933.5 26989.0 24052.0
A  55047.6 41266.1     3.9 44935.5 26993.5 24056.6
A  55047.1 41266.0     3.8 44933.4 26990.3 24052.7
A  55048.0 41266.0     3.6 44934.4 26991.7 24055.8
A  55047.0 41265.3     3.8 44933.1 26990.1 24053.8
A  55047.9 41266.2     3.9 44934.3 26990.0 24054.6
A  55047.6 41265.7     4.0 44934.5 26991.2 24055.0
A  55048.1 41265.9     3.7 44933.8 26990.9 24053.8
A  55048.4 41266.6     3.8 44935.0 26994.1 24056.6
A  55048.4 41266.1     3.7 44936.0 26996.8 24057.3
A  55047.4 41266.6     3.9 44936.4 26994.0 24052.6
A  55048.6 41266.4     4.0 44936.6 26996.0 24056.4
A  55048.4 41267.0     4.0 44935.5 26995.8 24054.5
A  55048.4 41267.1     4.0 44936.2 26993.9 24055.0
A  55047.8 41266.5     4.0 44935.3 26993.8 24055.3
A  55048.2 41266.7     3.9 44933.2 26993.7 24054.2
A  55048.1 41266.1     3.8 44935.9 26992.0 24056.4
A  55048.3 41266.2     3.8 44934.5 26993.5 24056.6
A  55047.6 41266.2     3.9 44931.9 26989.7 24052.7
A  55048.5 41266.6     3.9 44933.4 26993.0 24056.5
A  55047.8 41266.6     4.0 44932.2 26991.0 24053.7
A  55048.7 41266.6     3.8 44933.7 26992.8 24055.6
A  55048.2 41266.5     3.8 44933.2 26992.6 24054.6
A  55047.8 41266.1     3.9 44933.5 26992.0 24053.9
A  55047.5 41265.5     3.8 44933.8 26992.8 24055.2
A  55047.5 41265.8     3.8 44931.7 26996.7 24056.6
A  55047.5 41266.2     3.9 44931.9 26996.7 24052.1
A  55047.5 41265.1     3.6 44936.0 26998.4 24055.5
A  55046.9 41265.5     3.7 44933.7 26995.3 24052.3
A  55047.7 41265.3     3.7 44937.8 26995.4 24055.0
A  55047.5 41266.2     3.8 44935.8 26995.7 24054.2
A  55047.6 41266.1     3.8 44936.3 26997.8 24053.9
A  55047.4 41265.7     3.9 44937.8 27000.2 24054.7
A  55047.7 41266.2     3.8 44935.4 27000.5 24053.1
A  55048.2 41266.7     3.8 44935.2 26998.8 24052.4
A  55047.9 41265.7     3.7 44933.9 27000.0 24056.4
A  55047.5 41266.5     3.9 44935.2 26997.5 24052.8
A  55049.3 41267.5     3.7 44932.7 26997.6 24055.9
A  55048.0 41266.9     3.7 44930.5 26996.4 24053.8
A  55047.9 41265.6     3.9 44931.3 26995.8 24054.0
A  55048.0 41266.4     3.8 44932.0 26995.8 24055.3
A  55048.8 41267.1     3.7 44931.7 26994.5 24053.6
A  55048.6 41266.5     3.7 44935.1 26995.3 24052.5
A  55048.7 41266.8     3.8 44937.7 26997.2 24057.0
A  55048.2 41266.5     3.8 44932.8 26995.6 24052.5
A  55048.8 41266.4     3.8 44932.7 26999.9 24055.9
A  55048.1 41266.2     3.8 44931.7 26997.7 24053.6
A  55048.9 41267.0     3.9 44932.5 26997.7 24054.9
A  55048.9 41266.8     3.8 44932.3 26995.9 24055.6
A  55049.0 41266.9     3.7 44931.6 26994.8 24053.8
A  55047.8 41265.6     3.8 44931.8 26995.7 24055.8
A  55048.5 41265.6     3.6 44934.2 26997.5 24056.5
A  55047.8 41266.4     3.7 44932.0 26997.0 24052.2
A  55048.7 41266.4     3.8 44935.0 26999.5 24056.3
A  55048.0 41266.4     3.8 44933.9 26996.9 24053.2
A  55048.9 41266.9     3.6 44935.4 26998.0 24055.0
A  55048.5 41266.3     3.8 44935.2 26999.5 24055.2
A  55048.6 41266.8     3.8 44933.2 27002.1 24054.3
A  55048.1 41266.7     4.0 44934.9 27003.3 24056.2
A  55049.3 41267.6     3.9 44934.7 27002.2 24057.3
A  55048.3 41266.8     3.8 44931.2 26997.8 24052.2
A  55048.3 41266.3     3.8 44933.4 26999.5 24056.1
A  55048.1 41266.7     3.9 44932.5 27000.0 24053.8
A  55049.7 41267.5     3.9 44935.0 27001.0 24055.7
A  55048.6 41267.2     4.0 44937.0 26999.4 24054.8
A  55049.3 41267.9     3.9 44936.5 27003.0 24054.5
A  55048.8 41267.2     4.0 44936.7 27007.9 24056.2
A  55048.4 41267.8     4.0 44935.7 27008.3 24053.4
A  55047.9 41267.3     4.0 44937.4 27009.9 24052.4
A  55048.5 41266.7     3.8 44938.9 27011.8 24056.6
A  55047.8 41266.8     3.8 44937.1 27009.4 24052.9
A  55048.4 41266.9     4.0 44938.4 27009.8 24056.0
A  55048.4 41266.7     3.8 44936.8 27007.2 24054.3
A  55048.8 41267.2     3.8 44937.1 27006.6 24054.5
A  55048.0 41266.0     3.8 44935.2 27007.9 24055.4
A  55047.5 41266.2     3.9 44936.2 27006.1 24052.9
A  55048.8 41267.3     3.7 44936.2 27005.7 24052.4
A  55049.3 41267.1     3.7 44937.6 27008.2 24057.1
A  55048.4 41267.6     3.7 44934.8 27005.3 24052.5
A  55048.3 41266.1     3.7 44936.6 27007.0 24055.7
A  55048.2 41266.4     3.7 44936.4 27004.7 24053.7
A  55049.0 41266.7     3.7 44935.7 27005.0 24054.8
A  55049.5 41267.2     3.7 44936.6 27006.0 24055.6
A  55048.8 41266.7     3.7 44936.4 27005.9 24053.6
A  55048.7 41266.9     3.9 44937.8 27008.1 24056.5
A  55049.5 41266.3     3.8 44938.1 27010.0 24057.2
A  55049.1 41267.3     3.8 44935.8 27008.5 24052.7
A  55048.9 41267.3     3.8 44938.0 27012.1 24055.5
A  55047.8 41265.4     3.8 44939.0 27011.7 24053.6
A  55048.8 41266.2     3.6 44939.0 27010.2 24054.6
A  55048.2 41266.0     3.6 44939.4 27010.6 24054.6
A  55048.6 41267.1     3.8 44939.0 27013.5 24053.4
A  55048.3 41265.9     3.7 44940.6 27014.4 24055.6
A  55048.7 41266.4     3.6 44940.5 27011.5 24056.5
A  55047.9 41265.9     3.7 44939.0 27007.3 24052.4
A  55049.6 41267.3     3.8 44942.0 27011.7 24056.8
A  55049.1 41267.4     3.9 44941.2 27011.2 24054.1
A  55048.9 41266.9     3.8 44941.7 27012.0 24055.5
A  55048.9 41266.8     3.7 44941.1 27009.9 24054.9
A  55049.1 41266.8     3.9 44941.8 27009.2 24055.1
A  55048.9 41266.9     3.8 44941.9 27008.0 24056.1
A  55048.7 41266.5     3.8 44939.8 27006.1 24052.9
A  55049.0 41267.2     3.7 44940.0 27008.0 24052.3
A  55048.9 41266.4     3.8 44942.3 27008.2 24056.8
A  55048.4 41266.0     3.9 44940.7 27004.6 24053.2
A  55049.0 41267.3     3.8 44942.0 27007.6 24055.5
A  55047.6 41265.5     3.7 44940.4 27006.7 24053.9
A  55048.1 41266.0     3.6 44940.6 27007.1 24053.7
A  55048.5 41266.2     3.7 44940.6 27009.1 24055.7
A  55048.3 41266.7     3.8 44939.5 27007.6 24052.9
A  55048.1 41266.6     3.8 44937.9 27004.2 24051.5
A  55048.5 41265.7     3.6 44939.8 27005.6 24056.6
A  55048.0 41266.5     3.8 44937.9 27004.4 24052.5
A  55048.6 41266.0     3.7 44938.8 27006.3 24055.6
A  55047.8 41266.4     3.7 44937.1 27005.6 24053.6
A  55048.8 41266.2     3.6 44939.3 27005.9 24054.6
A  55048.2 41266.0     3.7 44936.7 27008.5 24054.9
A  55048.6 41265.9     3.6 44938.9 27009.3 24053.5
A  55047.9 41266.2     3.7 44939.8 27012.1 24051.6
A  55048.5 41265.9     3.7 44940.2 27013.0 24056.7
A  55048.3 41266.5     3.6 44937.0 27009.5 24052.4
A  55049.1 41266.6     3.5 44939.6 27010.6 24055.8
A  55049.1 41267.4     3.7 44938.6 27010.0 24053.7
A  55048.7 41266.6     3.9 44938.6 27010.1 24054.8
A  55048.0 41266.1     3.6 44937.0 27010.3 24054.7
A  55048.6 41266.4     3.7 44936.0 27008.2 24053.5
A  55049.0 41267.2     3.7 44937.3 27008.8 24056.1
A  55049.4 41267.2     3.7 44938.6 27009.9 24057.5
A  55048.3 41267.6     4.0 44936.6 27007.6 24052.5
A  55049.0 41266.8     3.9 44937.5 27011.8 24056.6
A  55048.7 41266.8     3.8 44936.1 27009.6 24054.0
A  55048.9 41266.7     3.8 44936.6 27009.6 24055.2
A  55048.4 41266.5     3.7 44936.1 27008.9 24054.8
A  55048.2 41266.1     3.7 44936.0 27007.6 24053.9
A  55048.1 41265.9     3.7 44936.8 27010.9 24055.6
A  55048.9 41267.1     3.9 44938.0 27014.5 24056.9
A  55048.5 41267.4     3.9 44936.1 27013.2 24052.4
A  55048.6 41266.9     3.8 44937.8 27012.8 24056.4
A  55048.4 41267.2     3.8 44936.8 27011.3 24053.4
A  55048.6 41266.8     3.8 44937.7 27013.0 24055.5
A  55048.9 41267.1     3.8 44937.0 27010.6 24054.6
A  55048.7 41267.3     3.7 44936.6 27010.1 24054.1
A  55048.4 41266.4     3.9 44937.1 27011.7 24055.9
A  55048.6 41267.4     3.9 44935.6 27011.1 24053.2
A  55048.9 41267.4     3.8 44935.0 27009.9 24052.8
A  55048.1 41265.8     3.8 44936.8 27011.7 24056.7
A  55047.4 41265.7     3.8 44935.4 27008.8 24053.0
A  55048.6 41266.7     3.7 44935.6 27011.1 24055.3
A  55048.4 41266.8     3.5 44933.1 27010.9 24054.3
A  55048.2 41266.6     3.8 44935.0 27011.1 24054.5
A  55048.1 41266.0     3.6 44935.4 27010.8 24055.2
A  55048.7 41267.3     3.9 44934.0 27009.6 24053.7
A  55049.0 41267.4     3.9 44935.1 27009.7 24052.7
A  55049.1 41266.6     3.8 44936.7 27012.3 24057.3
A  55048.5 41266.9     3.8 44935.1 27009.9 24053.2
A  55049.0 41266.6     3.7 44935.5 27011.7 24055.9
A  55048.7 41267.3     3.8 44935.7 27012.3 24054.4
A  55049.0 41266.9     3.8 44936.0 27013.3 24055.2
A  55048.5 41266.5     3.7 44935.9 27014.4 24055.0
A  55047.5 41266.2     3.9 44935.7 27015.1 24052.8
A  55047.9 41265.6     3.6 44936.7 27020.6 24055.5
A  55048.1 41266.7     3.8 44937.3 27019.7 24056.7
A  55047.9 41266.6     3.7 44936.4 27018.3 24052.8
A  55048.6 41266.8     3.8 44938.9 27022.1 24056.2
A  55048.4 41267.5     3.8 44938.4 27022.0 24054.1
A  55047.9 41266.4     3.8 44938.7 27023.2 24055.0
A  55048.0 41267.1     3.8 44938.6 27024.0 24054.6
A  55048.4 41267.4     3.8 44937.9 27025.7 24053.8
A  55048.3 41266.3     3.6 44937.9 27025.9 24056.0
A  55048.4 41266.6     3.6 44937.3 27029.2 24056.7
A  55048.2 41267.0     3.7 44936.3 27027.4 24052.6
A  55047.9 41266.1     3.8 44937.8 27026.8 24055.8
A  55047.8 41266.5     3.8 44936.8 27023.4 24053.6
A  55048.7 41266.6     3.6 44937.1 27024.9 24055.4
A  55048.1 41266.6     3.5 44935.7 27024.2 24054.4
A  55048.2 41266.4     3.7 44935.8 27023.5 24053.9
A  55048.3 41266.9     3.7 44936.3 27025.4 24055.4
A  55048.0 41267.1     3.8 44935.8 27024.6 24052.7
A  55047.8 41266.7     3.9 44935.4 27021.4 24052.4
A  55048.5 41266.3     3.7 44938.2 27024.4 24057.2
A  55047.8 41266.4     3.6 44937.6 27020.8 24053.8
A  55048.4 41266.7     3.6 44937.9 27023.2 24055.3
A  55047.9 41266.3     3.9 44937.8 27022.6 24054.5
A  55048.2 41266.7     3.8 44937.3 27022.7 24054.0
A  55047.9 41266.1     3.8 44937.7 27022.9 24055.4
A  55047.7 41266.6     3.9 44937.0 27021.0 24053.1
A  55048.6 41267.1     3.8 44937.3 27019.4 24052.6
A  55048.7 41266.7     3.8 44938.6 27024.4 24057.1
A  55048.2 41267.3     3.7 44936.3 27023.7 24053.2
A  55048.6 41266.7     3.5 44937.5 27026.1 24055.9
A  55047.8 41266.7     3.7 44936.9 27025.8 24054.1
A  55047.9 41266.6     3.6 44936.2 27025.5 24054.0
A  55048.0 41266.5     3.7 44937.2 27024.4 24055.0
A  55048.2 41267.4     4.0 44936.8 27022.6 24053.8
A  55048.9 41268.1     3.8 44935.1 27022.8 24052.6
A  55048.1 41266.5     3.8 44936.1 27025.4 24056.8
A  55047.5 41265.8     3.7 44934.1 27021.2 24052.3
A  55048.2 41266.0     3.7 44935.9 27023.8 24055.9
A  55047.8 41266.2     3.7 44934.8 27023.9 24053.8
A  55048.4 41267.0     3.8 44935.3 27026.4 24055.0
A  55047.3 41265.9     3.6 44934.3 27025.6 24054.8
A  55048.0 41266.9     3.7 44934.8 27025.7 24053.6
A  55048.2 41266.2     3.4 44936.0 27026.9 24055.9
A  55048.0 41265.6     3.6 44938.4 27028.4 24056.8
A  55048.3 41266.7     3.7 44936.8 27026.9 24052.6
A  55048.7 41266.6     3.6 44937.9 27029.9 24056.2
A  55049.0 41267.4     3.6 44937.2 27029.8 24054.1
A  55048.5 41266.5     3.7 44937.5 27029.9 24055.0
A  55047.7 41265.6     3.7 44937.0 27028.0 24054.5
A  55048.2 41266.8     3.6 44937.1 27026.1 24053.6
A  55048.5 41266.5     3.7 44938.0 27026.0 24055.8
A  55048.3 41265.9     3.6 44936.0 27028.0 24056.8
A  55048.2 41266.5     3.8 44934.1 27028.8 24052.1
A  55048.4 41266.3     3.7 44937.8 27031.1 24055.8
A  55048.5 41267.1     3.6 44937.1 27029.6 24053.0
A  55048.4 41266.3     3.6 44938.7 27031.5 24054.9
A  55048.3 41266.5     3.6 44938.0 27034.6 24054.5
A  55049.0 41267.2     3.7 44938.2 27033.4 24054.1
A  55047.8 41266.1     3.6 44937.2 27034.2 24055.0
A  55047.8 41266.1     3.7 44936.6 27032.2 24052.8
A  55048.1 41266.3     3.7 44937.3 27029.7 24052.4
A  55049.5 41267.3     3.7 44939.2 27031.3 24057.0
A  55048.3 41266.6     3.5 44938.4 27029.6 24053.4
A  55048.8 41267.3     3.7 44939.1 27028.5 24055.4
A  55048.1 41266.5     3.6 44939.7 27029.2 24054.1
A  55048.3 41266.5     3.6 44940.2 27029.4 24054.0
A  55047.8 41266.1     3.8 44940.9 27031.0 24055.1
A  55048.3 41267.3     3.9 44939.5 27030.3 24053.2
A  55047.8 41266.1     3.7 44938.5 27029.7 24052.4
A  55047.9 41266.1     3.6 44941.7 27032.7 24056.1
A  55047.3 41266.2     3.6 44935.3 27030.6 24052.4
A  55047.6 41265.6     3.6 44937.3 27031.5 24055.3
A  55047.9 41266.8     3.7 44935.6 27031.7 24053.5
A  55048.2 41266.6     3.7 44939.2 27034.8 24054.5
A  55047.8 41266.6     3.7 44939.1 27036.2 24054.9
A  55048.7 41267.2     3.7 44937.2 27035.5 24053.5
A  55047.8 41266.6     3.9 44937.8 27036.3 24055.7
A  55048.4 41266.7     3.6 44937.8 27037.2 24056.4
A  55047.3 41266.7     3.7 44934.8 27032.1 24052.3
A  55047.5 41265.2     3.7 44935.8 27033.1 24055.5
A  55047.0 41266.0     3.6 44934.4 27029.8 24052.8
A  55047.2 41265.2     3.6 44934.8 27029.6 24053.9
A  55046.6 41265.2     3.5 44934.6 27030.5 24053.8
A  55047.1 41265.8     3.7 44934.0 27034.7 24053.1
A  55047.1 41266.3     3.7 44936.0 27039.4 24055.2
A  55047.6 41265.6     3.5 44935.7 27041.6 24056.3
A  55046.7 41265.8     3.5 44934.6 27038.2 24051.1
A  55048.1 41266.1     3.5 44938.3 27037.7 24055.6
A  55046.7 41265.5     3.4 44939.1 27038.1 24052.6
A  55047.7 41266.0     3.5 44941.1 27038.8 24053.8
A  55046.5 41265.0     3.5 44939.7 27037.1 24053.2
A  55047.7 41266.1     3.6 44939.1 27035.3 24053.2
A  55047.5 41266.0     3.7 44939.3 27034.8 24055.0
A  55048.0 41267.0     3.5 44936.2 27033.5 24052.0
A  55048.0 41266.5     3.5 44936.2 27031.3 24051.5
A  55048.4 41266.0     3.8 44937.5 27035.9 24056.3
A  55047.8 41267.2     3.8 44936.2 27032.7 24052.8
A  55049.0 41267.1     3.5 44936.7 27034.9 24055.3
A  55047.8 41266.2     3.8 44935.6 27034.3 24053.9
A  55048.7 41267.5     3.5 44934.9 27034.7 24054.0
A  55047.8 41266.8     3.7 44935.8 27035.4 24054.7
A  55047.7 41266.8     3.6 44934.8 27035.4 24052.3
A  55047.8 41266.9     3.7 44933.5 27035.7 24051.9
A  55048.0 41266.0     3.6 44936.3 27039.1 24056.1
A  55048.2 41267.3     3.6 44935.2 27038.6 24052.6
A  55048.6 41267.2     3.8 44936.7 27041.5 24055.4
A  55048.2 41266.7     3.7 44935.0 27040.4 24053.3
A  55047.7 41266.1     3.6 44938.8 27041.3 24054.0
A  55047.0 41265.3     3.7 44937.4 27040.7 24053.7
A  55048.0 41266.3     3.6 44936.4 27038.4 24052.6
A  55047.9 41265.9     3.7 44936.5 27036.0 24051.3
A  55048.0 41265.6     3.6 44936.3 27037.4 24055.9
A  55048.3 41266.6     3.4 44932.6 27035.9 24052.1
A  55048.1 41266.1     3.6 44936.0 27039.0 24054.6
A  55048.1 41265.8     3.7 44937.6 27039.3 24053.4
A  55049.0 41267.0     3.7 44935.4 27041.7 24054.1
A  55048.0 41265.5     3.7 44934.6 27041.5 24054.4
A  55049.1 41267.6     3.7 44934.6 27041.8 24053.6
A  55048.2 41266.3     3.7 44935.0 27041.8 24055.6
A  55048.0 41265.8     3.5 44935.3 27042.5 24055.8
A  55047.6 41266.6     3.7 44933.2 27042.2 24051.8
A  55047.8 41266.2     3.6 44935.8 27045.3 24055.5
A  55047.8 41266.6     3.7 44934.9 27046.5 24053.2
A  55048.5 41267.7     3.7 44935.8 27049.1 24054.8
A  55047.9 41267.0     3.8 44938.7 27048.5 24054.5
A  55048.3 41267.3     4.0 44937.7 27048.0 24053.6
A  55048.4 41267.1     3.6 44937.3 27050.7 24055.8
A  55048.2 41266.8     3.7 44938.7 27046.9 24056.7
A  55047.7 41266.9     3.7 44939.9 27042.6 24051.7
A  55047.9 41265.6     3.7 44941.7 27043.7 24056.0
A  55047.9 41266.9     3.6 44938.6 27041.9 24053.1
A  55047.8 41266.2     3.5 44937.1 27041.9 24054.9
A  55047.1 41265.4     3.6 44936.6 27041.4 24053.8
A  55048.5 41266.2     3.4 44935.6 27039.9 24053.4
A  55047.6 41265.6     3.6 44937.8 27039.8 24054.8
A  55048.2 41266.8     3.7 44936.7 27037.4 24052.9
A  55047.7 41266.2     3.8 44939.0 27035.3 24051.8
A  55048.1 41266.1     3.6 44939.9 27038.8 24055.9
A  55048.5 41266.5     3.6 44939.2 27037.3 24052.9
A  55048.0 41265.9     3.7 44939.7 27039.0 24055.0
A  55048.0 41266.5     3.5 44937.0 27036.7 24053.5
A  55048.2 41265.9     3.4 44938.1 27037.7 24053.8
A  55048.0 41266.4     3.6 44937.7 27039.5 24054.9
A  55047.9 41266.2     3.5 44938.5 27040.0 24053.0
A  55047.9 41266.8     3.5 44936.6 27043.3 24051.7
A  55048.3 41266.1     3.7 44939.0 27047.8 24056.9
A  55048.3 41267.0     3.7 44936.3 27045.9 24052.8
A  55048.9 41267.7     3.7 44937.5 27048.6 24055.6
A  55048.3 41267.4     3.8 44936.5 27048.4 24054.2
A  55048.5 41267.3     3.8 44936.2 27046.3 24054.4
A  55048.3 41267.1     3.7 44935.4 27045.9 24054.5
A  55048.4 41267.8     3.7 44935.5 27043.8 24053.5
A  55048.4 41266.5     3.7 44937.3 27047.1 24056.2
A  55048.6 41266.6     3.5 44938.7 27046.4 24057.0
A  55048.3 41267.3     3.6 44935.7 27043.4 24052.2
A  55048.1 41265.7     3.6 44939.7 27045.7 24055.3
A  55048.0 41266.7     3.6 44937.7 27044.8 24053.0
A  55048.4 41266.9     3.5 44940.5 27044.7 24054.2
A  55048.0 41266.6     3.8 44938.6 27043.6 24054.5
A  55048.5 41266.6     3.6 44937.2 27042.8 24054.1
A  55048.1 41266.5     3.7 44935.6 27042.3 24055.4
A  55047.9 41265.9     3.4 44940.0 27044.7 24056.3
A  55048.2 41267.0     3.7 44938.6 27041.0 24052.1
A  55048.1 41265.8     3.8 44940.1 27043.2 24056.1
A  55048.1 41266.8     3.6 44936.8 27041.0 24053.1
A  55048.5 41266.8     3.6 44938.6 27043.3 24054.9
A  55047.7 41266.0     3.6 44938.4 27041.4 24053.8
A  55047.9 41266.5     3.7 44936.4 27040.2 24053.3
A  55048.7 41266.9     3.5 44937.4 27039.0 24055.3
A  55048.6 41267.1     3.7 44938.8 27038.4 24052.7
A  55047.6 41266.1     3.6 44935.0 27039.7 24052.0
A  55048.0 41265.8     3.5 44936.1 27043.6 24056.4
A  55048.1 41267.0     3.7 44936.8 27043.4 24053.3
A  55049.4 41267.7     3.7 44937.2 27044.9 24055.9
A  55048.3 41267.0     3.7 44936.8 27044.6 24054.8
A  55048.7 41266.8     3.7 44937.1 27044.2 24054.6
A  55048.7 41266.4     3.6 44936.4 27042.2 24055.2
A  55048.6 41267.6     3.7 44936.5 27039.2 24053.1
A  55048.5 41266.7     3.6 44938.8 27039.4 24052.2
A  55049.2 41266.7     3.6 44939.9 27044.2 24057.3
A  55048.0 41266.7     3.8 44936.9 27043.4 24053.2
A  55049.1 41267.8     3.7 44937.2 27044.1 24055.6
A  55048.2 41267.0     3.6 44937.3 27043.1 24054.2
A  55048.8 41267.7     3.7 44938.9 27045.3 24054.6
A  55048.6 41267.1     3.8 44936.5 27044.6 24055.7
A  55048.7 41267.8     3.9 44936.5 27042.8 24054.3
A  55048.7 41267.5     3.9 44937.8 27042.6 24057.0
A  55049.0 41267.3     3.8 44938.1 27042.2 24057.6
A  55048.0 41266.8     3.7 44935.9 27039.1 24052.4
A  55048.8 41266.9     3.6 44937.7 27040.1 24055.9
A  55048.9 41267.9     3.6 44935.7 27038.2 24053.6
A  55048.2 41267.0     3.5 44934.4 27038.9 24054.7
A  55046.7 41265.2     3.6 44933.6 27040.8 24054.6
A  55047.3 41266.0     3.6 44934.7 27042.1 24053.2
A  55047.9 41266.6     3.6 44937.0 27044.6 24055.8
A  55047.8 41266.0     3.6 44936.7 27048.2 24056.7
A  55047.9 41267.0     3.6 44934.7 27046.5 24052.4
A  55048.3 41266.8     3.6 44937.3 27047.3 24055.9
A  55048.3 41267.4     3.7 44938.1 27045.2 24053.7
A  55048.4 41266.8     3.9 44939.1 27045.2 24055.2
A  55047.8 41266.2     3.7 44938.3 27043.8 24054.2
A  55047.8 41266.7     3.7 44936.6 27043.2 24053.6
A  55047.7 41266.3     3.5 44936.3 27044.7 24055.0
A  55047.4 41265.9     3.8 44938.4 27043.7 24056.7
A  55048.1 41267.1     3.6 44936.4 27039.5 24052.2
A  55047.9 41266.5     3.6 44937.2 27042.2 24056.0
A  55048.1 41267.1     3.6 44937.0 27039.1 24053.0
A  55048.1 41266.1     3.6 44937.5 27040.0 24054.7
A  55048.0 41266.8     3.7 44937.4 27038.6 24054.0
A  55048.4 41267.1     3.7 44937.8 27039.9 24054.0
A  55048.5 41266.9     3.8 44938.4 27041.0 24055.5
A  55048.0 41266.7     3.7 44936.6 27040.9 24052.9
A  55047.7 41267.0     3.8 44935.6 27040.1 24052.3
A  55048.9 41267.5     3.7 44937.9 27042.5 24057.2
A  55048.4 41267.3     3.8 44936.0 27038.6 24052.9
A  55047.5 41266.0     3.7 44936.3 27039.7 24054.7
A  55047.9 41266.6     3.7 44936.9 27037.1 24053.9
A  55048.3 41267.3     3.7 44938.6 27036.7 24054.1
A  55048.3 41266.9     3.8 44938.5 27037.6 24055.3
A  55049.6 41268.9     4.0 44939.0 27034.9 24054.0
A  55048.7 41267.9     3.9 44940.0 27032.2 24052.2
A  55048.2 41266.6     3.7 44939.0 27035.7 24057.2
A  55047.9 41267.3     3.9 44936.2 27034.4 24052.8
A  55048.9 41267.3     3.7 44938.3 27037.6 24056.4
A  55048.3 41267.3     3.8 44938.6 27035.8 24054.4
A  55049.2 41268.8     3.9 44938.2 27036.3 24055.5
A  55048.3 41267.4     3.8 44937.9 27035.9 24055.4
A  55048.8 41268.1     3.7 44938.7 27036.2 24054.1
A  55048.5 41267.3     3.8 44938.7 27036.3 24056.1
A  55049.2 41267.7     3.7 44939.8 27034.0 24056.9
A  55048.1 41266.7     3.7 44941.5 27032.7 24052.4
A  55048.8 41266.9     3.7 44939.9 27034.2 24056.1
A  55048.1 41266.6     3.6 44936.8 27031.7 24053.8
A  55048.5 41267.7     3.9 44937.3 27033.4 24055.2
A  55047.5 41266.2     3.9 44940.5 27033.2 24055.2
A  55048.5 41267.7     3.8 44939.8 27032.7 24054.6
A  55048.2 41267.0     3.9 44940.9 27033.2 24056.8
A  55048.6 41266.5     3.8 44942.2 27033.7 24056.9
A  55047.8 41266.4     3.7 44940.2 27029.6 24052.0
A  55048.5 41266.8     3.8 44941.9 27030.5 24056.7
A  55047.6 41266.8     3.9 44940.8 27029.7 24053.3
A  55048.4 41266.7     3.8 44941.7 27028.3 24055.3
A  55047.9 41266.4     3.7 44939.9 27026.2 24054.2
A  55048.2 41267.5     4.0 44940.4 27023.8 24054.2
A  55047.8 41266.8     3.8 44940.1 27025.1 24055.5
A  55047.7 41266.7     3.7 44939.0 27023.1 24052.7
A  55046.8 41265.5     3.7 44938.2 27022.9 24051.4
A  55047.9 41265.8     3.5 44941.6 27025.5 24056.3
A  55047.5 41265.9     3.5 44939.6 27022.9 24052.6
A  55047.6 41265.9     3.7 44941.1 27023.8 24054.8
A  55047.6 41266.0     3.7 44940.4 27025.1 24053.8
A  55048.2 41266.6     3.7 44940.2 27023.7 24053.9
A  55047.4 41266.4     3.9 44941.2 27023.0 24054.8
A  55047.4 41266.2     3.7 44938.6 27020.7 24053.0
A  55047.2 41266.3     3.8 44934.5 27020.3 24051.6
A  55048.1 41266.1     3.8 44938.7 27023.1 24056.3
A  55047.7 41266.9     3.7 44935.0 27019.3 24052.3
A  55047.8 41265.7     3.7 44935.8 27021.1 24055.2
A  55047.5 41266.0     3.6 44933.6 27020.8 24053.4
A  55047.4 41266.1     3.8 44936.4 27021.5 24054.0
A  55047.8 41266.0     3.6 44935.2 27021.0 24054.3
A  55046.6 41265.3     3.8 44934.8 27019.9 24052.5
A  55047.3 41265.6     3.6 44936.9 27022.1 24055.4
A  55047.7 41265.9     3.6 44935.6 27023.4 24056.0
A  55046.7 41266.3     3.8 44934.0 27021.2 24051.5
A  55047.8 41265.6     3.6 44934.8 27020.8 24055.2
A  55047.5 41266.3     3.7 44934.0 27018.0 24053.3
A  55047.9 41266.7     3.7 44935.3 27017.5 24054.5
A  55047.3 41265.5     3.7 44936.4 27017.1 24054.3
A  55046.9 41265.4     3.8 44936.0 27016.7 24053.1
A  55046.9 41265.0     3.7 44936.7 27017.3 24055.2
A  55047.7 41265.6     3.6 44937.4 27016.4 24056.4
A  55048.3 41266.8     3.5 44933.9 27013.9 24052.2
A  55047.3 41265.8     3.8 44935.3 27015.4 24055.7
A  55047.4 41265.8     3.7 44934.7 27014.7 24053.4
A  55047.4 41265.3     3.7 44935.3 27016.0 24054.7
A  55046.8 41266.3     3.8 44934.7 27015.4 24054.1
A  55048.2 41266.6     3.8 44935.4 27015.0 24054.0
A  55047.4 41265.9     3.8 44936.2 27015.1 24055.2
A  55047.7 41265.3     3.8 44938.2 27017.7 24056.5
A  55047.8 41266.3     3.7 44935.6 27013.4 24051.9
A  55047.3 41265.9     3.7 44936.8 27013.0 24055.6
A  55046.4 41265.4     3.9 44935.0 27011.7 24052.5
A  55046.6 41265.3     3.9 44935.0 27011.4 24054.3
A  55047.7 41266.3     3.6 44938.8 27010.0 24053.4
A  55047.7 41266.1     3.7 44936.5 27009.8 24053.8
A  55046.6 41264.4     3.7 44936.7 27009.2 24054.7
A  55047.1 41266.4     3.8 44936.1 27008.4 24052.0
A  55047.8 41266.3     3.8 44936.3 27007.7 24051.6
A  55047.7 41265.7     3.7 44938.5 27011.2 24056.0
A  55047.6 41266.1     3.7 44937.1 27009.4 24052.8
A  55047.4 41265.7     3.8 44936.6 27009.1 24054.8
A  55047.1 41265.6     3.7 44934.4 27007.7 24052.9
A  55047.3 41265.5     3.7 44936.0 27007.5 24053.5
A  55047.1 41265.8     3.6 44934.6 27007.5 24054.2
A  55046.9 41265.3     3.8 44934.7 27006.4 24052.6
A  55047.1 41265.8     3.8 44935.2 27006.8 24051.6
A  55047.3 41265.0     3.8 44936.7 27009.1 24056.3
A  55046.9 41265.8     3.8 44935.0 27005.4 24052.0
A  55047.8 41265.5     3.9 44938.0 27006.9 24055.7
A  55047.5 41265.9     3.9 44937.3 27005.2 24053.7
A  55048.1 41266.5     3.8 44937.8 27006.2 24054.9
A  55047.6 41265.5     3.7 44937.6 27004.4 24054.9
A  55047.8 41266.5     3.7 44936.3 27004.3 24053.2
A  55046.8 41265.2     3.7 44936.0 27005.8 24055.6
A  55047.4 41265.3     3.7 44937.2 27004.3 24056.4
A  55046.5 41264.3     3.8 44935.3 27002.1 24052.3
A  55047.4 41264.9     3.5 44936.1 27002.5 24055.3
A  55046.2 41264.9     3.7 44934.1 27001.3 24052.6
A  55047.1 41264.8     3.7 44936.6 27002.4 24054.1
A  55046.8 41264.9     3.7 44936.9 27002.0 24053.6
A  55046.5 41264.6     3.8 44935.7 27002.3 24052.5
A  55046.1 41263.9     3.7 44935.1 27006.1 24054.6
A  55047.2 41265.1     3.6 44934.9 27006.7 24056.2
A  55046.8 41265.2     3.7 44932.8 27004.1 24051.7
A  55047.7 41265.4     3.4 44934.6 27005.7 24055.5
A  55046.1 41264.8     3.6 44934.3 27004.2 24052.2
A  55047.4 41265.3     3.7 44934.4 27003.7 24054.7
A  55046.6 41264.9     3.7 44934.1 27000.8 24053.4
A  55046.6 41264.2     3.7 44935.1 27000.7 24053.0
A  55046.5 41264.7     3.7 44935.5 27002.1 24054.5
A  55046.8 41265.4     3.8 44935.5 26999.1 24052.3
A  55046.6 41264.8     3.7 44934.9 26997.2 24051.3
A  55047.0 41264.6     3.8 44936.4 26999.5 24056.0
A  55045.9 41264.6     3.7 44933.6 26997.3 24052.2
A  55047.1 41264.7     3.5 44935.6 26998.0 24054.8
A  55047.0 41264.6     3.7 44935.1 26996.8 24053.8
A  55047.0 41265.0     3.6 44933.7 26996.3 24053.4
A  55046.5 41264.1     3.6 44934.1 26997.2 24054.6
A  55046.4 41264.0     3.7 44934.8 26995.5 24052.1
A  55046.9 41265.1     3.7 44935.6 26994.5 24051.5
A  55046.9 41263.9     3.7 44937.1 26996.6 24056.1
A  55046.8 41265.0     3.6 44932.9 26993.7 24051.8
A  55047.0 41264.5     3.7 44936.1 26995.9 24055.0
A  55045.8 41263.4     3.8 44933.1 26995.0 24052.9
A  55046.6 41264.4     3.6 44933.7 26995.0 24053.4
A  55046.4 41264.0     3.6 44933.8 26996.2 24054.0
A  55046.8 41265.0     3.6 44935.5 26994.7 24052.9
A  55047.3 41264.6     3.7 44938.0 26996.3 24055.7
A  55047.5 41265.3     3.8 44940.4 26996.5 24056.3
A  55047.1 41265.7     3.8 44940.4 26992.2 24052.2
A  55047.8 41265.9     3.7 44940.3 26992.2 24055.2
A  55047.0 41265.5     3.7 44939.5 26990.3 24052.8
A  55047.0 41264.9     3.7 44939.7 26992.5 24054.1
A  55046.3 41263.9     3.6 44938.7 26991.6 24054.0
A  55047.0 41264.9     3.6 44937.9 26991.4 24053.0
A  55046.0 41263.4     3.6 44938.6 26991.0 24054.8
A  55047.1 41265.0     3.7 44939.6 26991.1 24056.1
A  55046.8 41264.9     3.7 44936.6 26987.5 24051.8
A  55047.3 41264.4     3.7 44933.8 26989.2 24055.8
A  55047.0 41265.0     3.8 44935.6 26988.0 24053.2
A  55047.7 41265.7     3.7 44937.5 26988.5 24054.8
A  55047.6 41265.4     3.8 44937.5 26988.7 24054.4
A  55048.1 41266.2     3.9 44939.9 26987.4 24053.7
A  55047.6 41265.2     3.8 44940.0 26988.0 24055.7
A  55047.1 41265.3     3.9 44940.0 26988.4 24056.2
A  55047.1 41266.0     3.9 44938.4 26985.0 24051.8
A  55046.9 41264.5     3.8 44939.9 26987.8 24055.9
A  55046.5 41265.1     3.7 44939.8 26985.9 24052.8
A  55047.6 41265.0     3.7 44940.7 26985.8 24055.4
A  55047.1 41265.1     3.8 44941.4 26984.4 24054.3
A  55047.2 41265.6     3.9 44940.4 26984.7 24053.9
A  55047.8 41266.0     3.7 44940.4 26984.6 24055.5
A  55047.3 41265.6     4.0 44938.3 26983.8 24052.6
A  55047.0 41265.3     3.9 44939.1 26983.0 24051.8
A  55047.0 41265.2     3.9 44940.4 26986.4 24056.1
A  55046.9 41265.6     4.0 44938.2 26984.9 24052.8
A  55047.0 41264.9     3.8 44938.1 26986.1 24055.4
A  55046.7 41264.8     3.8 44935.9 26985.2 24054.0
A  55047.4 41266.1     3.8 44936.0 26985.2 24054.1
A  55047.1 41265.2     3.7 44935.2 26984.3 24054.5
A  55047.4 41266.0     4.0 44935.3 26983.2 24053.0
A  55046.7 41265.4     3.8 44937.6 26982.6 24051.6
A  55047.3 41264.7     3.8 44938.7 26986.0 24056.3
A  55046.7 41265.3     4.0 44934.9 26982.8 24052.7
A  55047.2 41265.3     3.8 44935.5 26984.1 24055.8
A  55046.4 41265.0     3.8 44933.5 26981.7 24053.2
A  55047.4 41265.8     3.8 44935.4 26981.7 24054.5
A  55046.8 41265.7     3.8 44935.6 26980.7 24054.6
A  55046.9 41265.4     4.1 44934.4 26980.2 24053.2
A  55048.0 41265.9     3.9 44936.0 26981.4 24056.2
A  55047.1 41264.7     3.8 44939.0 26980.1 24056.4
A  55046.9 41265.3     3.9 44934.8 26975.6 24051.9
A  55047.8 41265.5     3.7 44933.0 26979.9 24055.6
A  55047.3 41265.4     3.7 44935.4 26979.0 24053.5
A  55047.8 41265.8     3.7 44934.5 26980.1 24054.6
A  55046.5 41265.0     3.9 44935.8 26977.5 24054.2
A  55047.4 41265.3     3.8 44935.5 26976.9 24053.6
A  55047.7 41265.5     3.7 44936.1 26979.3 24055.6
A  55046.6 41263.9     3.7 44935.6 26980.2 24055.8
A  55046.8 41265.3     3.9 44936.0 26979.1 24051.8
A  55048.1 41265.2     3.8 44937.5 26979.9 24056.0
A  55047.6 41265.4     3.9 44936.0 26977.1 24053.1
A  55047.6 41265.6     3.8 44939.5 26977.9 24054.7
A  55047.0 41265.0     3.9 44938.6 26976.3 24053.8
A  55047.9 41265.4     3.6 44937.2 26975.7 24053.6
A  55046.1 41263.5     3.7 44936.4 26975.4 24054.9
A  55047.0 41265.2     3.9 44934.4 26974.1 24052.6
A  55046.4 41265.2     3.9 44933.5 26973.5 24051.4
A  55046.6 41264.0     3.7 44935.3 26976.5 24055.7
A  55046.6 41264.5     3.7 44934.1 26974.3 24052.4
A  55047.2 41264.1     3.8 44936.9 26977.2 24054.9
A  55047.8 41265.7     3.7 44937.2 26975.0 24053.5
A  55047.1 41264.5     3.8 44938.1 26974.5 24054.1
A  55046.8 41264.6     3.8 44936.6 26975.4 24054.1
A  55046.5 41264.8     3.7 44935.8 26972.9 24051.9
A  55046.5 41264.7     3.7 44935.9 26972.9 24051.3
A  55046.4 41264.1     3.6 44938.4 26975.3 24056.0
A  55046.4 41264.6     3.7 44934.1 26972.3 24052.0
A  55046.9 41264.3     3.6 44936.8 26974.3 24054.6
A  55045.7 41263.7     3.7 44937.5 26971.7 24053.0
A  55046.8 41264.0     3.7 44939.6 26972.4 24053.8
A  55046.9 41264.1     3.8 44937.5 26973.2 24054.2
A  55046.2 41264.1     3.7 44937.9 26971.5 24052.6
A  55046.6 41263.6     3.7 44938.0 26972.4 24055.3
A  55047.0 41265.0     3.6 44936.6 26974.5 24056.1
A  55046.8 41264.9     3.8 44933.6 26972.2 24052.2
A  55047.0 41264.9     3.8 44936.8 26973.6 24055.8
A  55046.4 41265.7     3.6 44935.0 26970.4 24052.9
A  55047.0 41265.4     3.7 44935.5 26972.7 24054.1
A  55046.7 41262.7     3.8 44935.3 26973.2 24053.7
A  55046.5 41266.7     3.9 44939.4 26972.1 24053.5
A  55046.8 41260.5     3.8 44936.7 26973.5 24055.1
A  55046.4 41263.9     3.9 44938.2 26973.9 24056.2
A  55046.6 41266.6     3.8 44938.4 26970.5 24051.5
A  55047.1 41267.7     3.6 44937.2 26971.7 24055.1
A  55046.0 41261.7     3.7 44933.7 26970.4 24052.3
A  55048.0 41267.1     3.9 44934.4 26970.0 24054.0
A  55046.5 41265.3     3.7 44935.9 26970.4 24053.9
A  55046.8 41266.4     3.8 44935.3 26968.9 24053.1
A  55046.4 41262.3     3.8 44938.0 26969.2 24055.0
A  55046.4 41266.0     3.8 44938.5 26967.0 24051.8
A  55047.7 41265.3     3.8 44938.9 26965.0 24051.8
A  55047.1 41265.7     3.7 44938.0 26967.8 24056.4
A  55047.4 41265.7     3.8 44931.0 26965.4 24052.9
A  55047.7 41265.1     3.8 44939.4 26967.3 24054.8
A  55047.2 41267.2     3.9 44934.8 26966.0 24053.3
A  55047.0 41265.3     3.7 44938.2 26966.9 24053.9
A  55047.0 41264.7     3.9 44936.6 26968.6 24055.2
A  55047.1 41265.9     3.8 44935.0 26965.0 24052.2
A  55045.7 41264.6     3.7 44935.2 26962.5 24050.6
A  55046.2 41264.7     3.5 44939.6 26965.0 24055.8
A  55046.1 41263.0     3.6 44934.7 26963.7 24051.0
A  55046.7 41263.7     3.6 44938.2 26964.5 24054.4
A  55045.8 41263.7     3.7 44936.8 26963.1 24052.6
A  55045.8 41263.3     3.7 44937.4 26962.1 24053.2
A  55045.8 41263.2     3.7 44936.7 26963.6 24053.6
A  55045.8 41263.4     3.6 44935.4 26962.9 24051.7
A  55045.6 41263.5     3.6 44934.4 26961.3 24050.6
A  55045.5 41261.3     3.5 44938.4 26962.6 24054.9
A  55044.6 41262.2     3.7 44935.3 26958.7 24051.1
A  55045.8 41263.0     3.6 44936.7 26959.9 24054.3
A  55045.9 41261.9     3.6 44938.0 26959.5 24052.0
A  55046.4 41262.5     3.7 44940.5 26960.3 24053.8
A  55046.9 41263.0     3.5 44941.0 26959.6 24053.7
A  55046.6 41263.0     3.7 44938.2 26958.0 24052.9
A  55046.8 41261.7     3.6 44929.4 26959.4 24054.7
A  55046.5 41263.1     3.6 44930.9 26959.7 24055.9
A  55045.9 41262.5     3.7 44929.1 26958.5 24051.3
A  55046.7 41265.5     3.7 44932.9 26963.0 24055.0
A  55046.1 41263.2     3.7 44929.5 26962.7 24052.4
A  55046.3 41263.2     3.6 44931.1 26963.6 24053.8
A  55045.8 41262.0     3.6 44930.0 26963.0 24053.5
A  55046.4 41263.6     3.8 44932.5 26962.7 24053.2
A  55046.3 41264.3     3.6 44931.6 26963.7 24054.2
A  55047.1 41265.0     3.5 44933.3 26962.8 24055.5
A  55046.2 41264.2     3.7 44930.4 26958.9 24050.9
A  55046.3 41263.5     3.6 44932.7 26959.9 24055.1
A  55044.9 41263.3     3.5 44929.9 26957.2 24051.5
A  55045.5 41264.9     3.7 44933.0 26957.4 24053.5
A  55044.8 41260.6     3.6 44932.2 26958.6 24053.4
A  55045.4 41261.7     3.6 44933.1 26958.3 24052.7
A  55045.2 41263.1     3.7 44932.8 26956.5 24053.1
A  55045.7 41265.6     3.7 44932.5 26956.2 24051.0
A  55045.2 41264.0     3.5 44932.2 26955.6 24050.0
A  55045.4 41261.8     3.5 44935.1 26959.4 24054.6
A  55045.3 41263.5     3.6 44933.1 26957.3 24051.6
A  55046.1 41263.6     3.7 44931.8 26959.1 24053.8
A  55045.9 41265.0     3.6 44933.8 26956.9 24053.1
A  55046.9 41260.9     3.5 44932.0 26957.5 24053.3
A  55045.2 41262.0     3.5 44930.5 26957.0 24053.0
A  55045.8 41262.7     3.6 44929.6 26954.6 24051.1
A  55045.2 41263.5     3.7 44929.7 26952.9 24050.2
A  55046.1 41263.1     3.5 44934.6 26957.2 24055.0
A  55045.7 41262.8     3.5 44931.3 26953.6 24050.9
A  55046.3 41263.0     3.6 44934.2 26956.1 24054.2
A  55046.1 41262.6     3.6 44933.2 26955.1 24052.6
A  55045.9 41262.2     3.7 44933.9 26954.2 24053.3
A  55045.2 41262.6     3.6 44932.1 26954.6 24053.1
A  55045.7 41263.2     3.7 44931.7 26955.0 24051.8
A  55045.5 41262.6     3.8 44933.6 26956.6 24054.4
A  55046.1 41262.2     3.5 44934.9 26957.1 24055.2
A  55045.5 41263.1     3.6 44933.2 26954.1 24050.5
A  55046.2 41263.0     3.7 44936.4 26955.5 24054.4
A  55045.5 41262.7     3.6 44935.0 26954.4 24052.2
A  55046.3 41263.0     3.4 44934.8 26955.6 24053.2
A  55045.6 41262.8     3.6 44931.7 26955.8 24052.9
A  55046.0 41263.2     3.7 44932.8 26955.0 24052.0
A  55045.8 41262.2     3.4 44934.8 26955.4 24054.1
A  55046.3 41263.1     3.5 44934.1 26957.2 24055.7
A  55045.6 41263.1     3.6 44931.2 26955.3 24051.0
A  55045.2 41262.3     3.8 44933.9 26957.1 24054.6
A  55045.7 41263.7     3.6 44933.3 26955.5 24051.9
A  55046.4 41263.2     3.6 44934.6 26955.4 24053.8
A  55045.3 41262.5     3.6 44932.9 26952.4 24052.7
A  55045.6 41262.9     3.7 44932.8 26952.4 24052.2
A  55045.5 41262.9     3.8 44933.1 26954.3 24054.2
A  55045.9 41263.5     3.7 44935.2 26954.2 24051.4
A  55044.7 41262.5     3.6 44932.5 26956.3 24050.7
A  55045.4 41262.1     3.7 44935.0 26957.7 24055.0
A  55044.8 41263.0     3.5 44932.2 26954.8 24051.4
A  55045.7 41262.4     3.4 44933.7 26954.1 24053.8
A  55045.2 41262.5     3.6 44933.1 26953.5 24052.6
A  55045.8 41262.8     3.6 44933.8 26953.3 24052.7
A  55045.3 41262.7     3.7 44934.6 26952.1 24053.7
A  55045.4 41262.9     3.5 44933.6 26951.5 24051.1
A  55045.3 41263.2     3.8 44933.0 26950.6 24050.5
A  55046.0 41261.9     3.5 44935.2 26952.4 24054.8
A  55044.9 41261.9     3.6 44930.8 26949.0 24050.9
A  55045.7 41261.3     3.4 44931.7 26951.6 24053.6
A  55044.8 41262.6     3.6 44930.9 26951.0 24051.5
A  55045.6 41262.3     3.4 44931.7 26951.1 24052.8
A  55045.8 41262.5     3.5 44932.4 26951.2 24053.6
A  55045.9 41263.6     3.4 44932.0 26950.3 24051.6
A  55045.9 41262.9     3.6 44933.4 26947.8 24050.1
A  55045.9 41262.1     3.5 44935.3 26950.2 24054.7
A  55044.8 41262.1     3.6 44933.7 26948.5 24050.8
A  55045.1 41261.9     3.5 44935.0 26950.0 24053.7
A  55045.1 41261.6     3.6 44933.7 26948.3 24052.3
A  55045.7 41262.4     3.6 44934.0 26950.6 24052.9
A  55045.3 41262.8     3.6 44934.1 26953.6 24053.3
A  55045.0 41261.6     3.6 44933.5 26952.5 24051.8
A  55044.4 41261.4     3.5 44933.7 26953.0 24053.8
A  55045.6 41262.5     3.6 44934.2 26952.2 24055.4
A  55045.4 41262.9     3.7 44932.0 26951.8 24051.2
A  55045.8 41262.4     3.6 44934.5 26953.1 24054.8
A  55045.7 41262.6     3.6 44931.8 26951.5 24052.2
A  55046.3 41263.5     3.6 44935.0 26951.6 24053.9
A  55044.9 41262.3     3.7 44934.3 26949.1 24053.1
A  55045.4 41262.6     3.7 44933.2 26948.1 24052.2
A  55045.5 41262.8     3.7 44935.3 26949.5 24054.3
A  55045.7 41262.0     3.6 44934.6 26950.6 24055.1
A  55045.3 41263.4     3.8 44932.9 26947.1 24050.5
A  55045.8 41262.7     3.5 44935.3 26948.9 24054.8
A  55046.1 41263.2     3.6 44935.6 26946.8 24052.1
A  55045.4 41262.5     3.7 44936.8 26947.6 24053.3
A  55045.4 41262.5     3.6 44932.1 26947.5 24052.6
A  55045.4 41262.4     3.7 44929.4 26947.4 24052.1
A  55045.8 41262.8     3.4 44931.9 26948.7 24053.6
A  55045.4 41262.6     3.6 44931.3 26945.2 24051.3
A  55045.8 41263.0     3.7 44930.5 26945.2 24050.8
A  55045.8 41262.1     3.6 44932.8 26947.2 24055.1
A  55045.6 41262.6     3.7 44929.5 26946.2 24051.8
A  55046.2 41263.1     3.7 44931.9 26945.3 24054.1
A  55045.5 41262.2     3.6 44931.6 26945.0 24052.7
A  55046.2 41263.1     3.5 44933.2 26944.9 24052.9
A  55045.5 41262.1     3.5 44929.9 26946.0 24053.6
A  55045.1 41261.7     3.7 44930.1 26943.6 24051.7
A  55045.5 41262.6     3.5 44929.9 26941.5 24050.6
A  55046.0 41262.7     3.7 44930.1 26944.8 24055.3
A  55045.7 41262.9     3.7 44928.9 26943.8 24051.4
A  55045.2 41261.5     3.4 44929.1 26945.2 24053.5
A  55044.9 41262.1     3.5 44928.6 26946.5 24052.0
A  55045.6 41261.8     3.5 44928.4 26947.9 24052.7
A  55044.8 41261.8     3.4 44929.1 26946.7 24052.8
A  55045.3 41262.6     3.7 44931.2 26947.0 24051.6
A  55044.9 41261.7     3.5 44931.0 26948.2 24053.7
A  55045.1 41261.7     3.6 44938.4 26949.0 24054.6
A  55044.9 41262.0     3.8 44936.4 26946.8 24050.7
A  55045.7 41262.5     3.4 44935.2 26948.5 24054.0
A  55044.5 41262.2     3.5 44935.8 26946.6 24051.5
A  55044.2 41260.7     3.3 44937.8 26946.3 24052.2
A  55043.8 41260.7     3.4 44939.3 26944.4 24052.0
A  55044.4 41261.6     3.4 44938.7 26942.3 24050.9
A  55044.2 41261.0     3.6 44939.0 26944.4 24053.6
A  55044.6 41261.3     3.6 44941.6 26945.1 24054.6
A  55044.6 41261.5     3.5 44934.8 26942.6 24050.4
A  55044.8 41261.5     3.5 44933.2 26943.7 24054.1
A  55044.2 41261.8     3.6 44929.8 26942.8 24051.2
A  55044.6 41261.7     3.4 44929.6 26943.0 24052.6
A  55044.2 41260.9     3.3 44928.3 26943.4 24051.8
A  55044.5 41261.4     3.4 44928.8 26944.1 24051.4
A  55044.4 41261.3     3.3 44933.4 26943.6 24052.9
A  55044.1 41261.9     3.5 44935.1 26942.9 24050.4
A  55044.3 41261.8     3.6 44934.0 26944.1 24050.0
A  55044.8 41261.8     3.6 44936.8 26947.3 24054.4
A  55045.0 41261.8     3.6 44933.3 26947.0 24051.3
A  55044.9 41262.5     3.7 44935.6 26947.6 24053.2
A  55044.8 41262.5     3.7 44934.8 26944.0 24052.2
A  55045.3 41262.4     3.8 44936.8 26944.5 24052.9
A  55045.2 41262.4     3.6 44934.8 26944.8 24053.8
A  55045.8 41263.9     3.6 44933.7 26943.0 24051.5
A  55044.8 41262.2     3.5 44932.9 26942.4 24050.1
A  55045.6 41262.2     3.4 44934.9 26946.4 24054.9
A  55044.7 41262.6     3.6 44932.5 26944.8 24051.3
A  55044.9 41261.0     3.4 44934.2 26946.6 24053.5
A  55044.5 41261.3     3.5 44933.8 26942.9 24051.7
A  55045.1 41262.2     3.6 44933.9 26942.9 24052.6
A  55044.6 41261.2     3.5 44933.4 26943.3 24052.9
A  55045.5 41262.6     3.4 44933.3 26942.1 24050.9
A  55044.7 41261.6     3.5 44931.4 26939.7 24050.1
A  55045.1 41261.2     3.4 44934.2 26944.5 24054.7
A  55044.1 41262.0     3.6 44931.7 26941.1 24050.1
A  55044.3 41261.1     3.4 44933.0 26943.2 24053.1
A  55044.4 41262.5     3.5 44932.1 26942.8 24051.2
A  55044.2 41261.8     3.7 44933.8 26942.7 24052.2
A  55044.2 41261.5     3.6 44934.3 26942.6 24052.6
A  55044.7 41261.7     3.5 44933.8 26941.9 24051.1
A  55044.6 41260.9     3.6 44934.5 26941.1 24053.5
A  55044.5 41261.2     3.6 44935.5 26941.0 24054.5
A  55044.3 41261.6     3.4 44932.1 26937.5 24049.6
A  55044.6 41260.3     3.2 44933.4 26939.4 24053.3
A  55043.8 41261.2     3.4 44932.2 26938.1 24050.8
A  55044.6 41261.0     3.4 44933.6 26938.1 24052.9
A  55044.3 41260.4     3.3 44932.8 26937.8 24052.0
A  55045.0 41261.4     3.2 44932.1 26937.0 24051.3
A  55044.8 41261.7     3.4 44934.7 26938.8 24053.5
A  55044.2 41260.0     3.4 44934.9 26937.8 24053.9
A  55044.4 41261.6     3.5 44932.7 26935.4 24049.8
A  55045.7 41261.9     3.4 44935.6 26937.1 24054.3
A  55044.1 41261.0     3.5 44932.1 26935.1 24050.7
A  55044.9 41261.5     3.5 44933.4 26936.9 24053.0
A  55044.4 41261.5     3.6 44932.7 26936.3 24052.0
A  55045.5 41262.6     3.7 44933.6 26937.7 24052.1
A  55045.0 41261.6     3.4 44933.7 26937.9 24053.5
A  55045.2 41262.3     3.6 44933.2 26936.3 24051.3
A  55045.7 41263.4     3.7 44934.4 26936.6 24050.5
A  55045.9 41262.8     3.7 44936.7 26939.1 24055.3
A  55045.7 41263.1     3.6 44934.5 26937.3 24051.3
A  55046.2 41262.8     3.7 44936.1 26942.2 24054.3
A  55045.4 41262.5     3.7 44935.2 26942.4 24053.1
A  55045.9 41262.9     3.7 44934.4 26942.7 24053.2
A  55045.5 41262.5     3.7 44934.1 26942.0 24053.8
A  55045.4 41263.2     3.7 44933.1 26940.3 24051.7
A  55045.0 41262.6     3.6 44932.1 26938.3 24050.4
A  55045.0 41261.8     3.7 44934.2 26939.8 24055.0
A  55045.4 41262.9     3.6 44933.7 26936.8 24051.4
A  55045.8 41263.0     3.5 44935.2 26938.8 24054.2
A  55045.4 41263.0     3.8 44934.9 26938.4 24052.6
A  55046.2 41263.9     3.8 44935.7 26937.5 24053.5
A  55045.8 41263.0     3.7 44935.0 26937.6 24053.4
A  55045.8 41263.2     3.8 44933.6 26935.3 24052.0
A  55044.5 41261.2     3.8 44933.2 26935.9 24054.3
A  55044.9 41261.5     3.6 44934.3 26939.7 24055.2
A  55045.2 41263.4     3.8 44932.8 26936.4 24051.4
A  55045.7 41262.9     3.9 44934.1 26938.2 24054.8
A  55044.9 41262.2     3.7 44933.9 26935.8 24052.5
A  55046.3 41263.3     3.8 44935.6 26936.5 24053.8
A  55045.5 41262.7     3.7 44934.8 26936.4 24053.5
A  55045.9 41262.8     3.8 44934.9 26934.9 24052.6
A  55046.2 41264.2     3.8 44935.9 26935.7 24054.9
A  55045.8 41262.7     3.7 44934.5 26935.0 24055.4
A  55045.3 41263.4     3.5 44932.0 26932.4 24050.5
A  55046.1 41263.0     3.7 44934.3 26936.0 24055.1
A  55045.6 41262.7     3.7 44932.9 26934.8 24051.7
A  55046.1 41262.9     3.6 44934.2 26935.1 24053.9
A  55045.4 41262.5     3.6 44934.4 26933.4 24053.1
A  55045.9 41263.2     3.7 44935.4 26932.2 24052.3
A  55045.8 41262.8     3.6 44935.5 26935.1 24054.0
A  55045.8 41263.1     3.8 44935.3 26933.8 24051.7
A  55045.5 41263.1     3.6 44934.5 26932.2 24051.0
A  55046.1 41262.7     3.6 44935.6 26934.3 24055.4
A  55045.6 41263.1     3.5 44932.7 26932.0 24051.7
A  55046.1 41262.8     3.8 44934.6 26933.6 24054.3
A  55045.4 41262.7     3.7 44933.3 26931.8 24052.5
A  55045.7 41262.4     3.7 44933.6 26932.4 24052.7
A  55045.1 41262.2     3.8 44933.6 26932.7 24054.1
A  55045.8 41262.8     3.5 44933.3 26929.3 24051.5
A  55045.3 41263.0     3.7 44934.5 26929.3 24050.7
A  55045.8 41261.9     3.7 44936.5 26933.6 24055.6
A  55045.5 41262.9     3.8 44935.0 26931.0 24051.5
A  55045.8 41262.3     3.7 44935.6 26933.9 24054.3
A  55045.5 41262.4     3.6 44933.5 26931.0 24052.5
A  55046.2 41263.0     3.8 44934.6 26932.1 24053.3
A  55045.5 41262.5     3.7 44934.3 26932.3 24053.3
A  55045.6 41263.0     3.8 44933.4 26934.3 24052.0
A  55045.1 41261.7     3.7 44934.5 26934.8 24054.4
A  55046.2 41262.7     3.8 44936.6 26935.5 24055.7
A  55045.6 41263.1     3.9 44934.7 26932.5 24051.4
A  55046.4 41263.3     3.7 44936.3 26933.2 24054.6
A  55045.6 41263.2     3.8 44935.2 26933.1 24052.5
A  55045.8 41262.9     3.7 44935.6 26934.3 24053.7
A  55045.6 41262.8     3.8 44935.1 26933.1 24054.0
A  55045.5 41263.1     3.9 44933.5 26931.8 24052.2
A  55045.2 41262.3     3.9 44934.5 26932.4 24054.6
A  55045.6 41262.4     3.7 44935.2 26932.3 24055.4
A  55045.3 41262.8     3.9 44933.0 26929.4 24051.2
A  55045.9 41262.4     3.6 44935.1 26928.1 24054.3
A  55045.3 41262.8     3.8 44934.0 26926.4 24052.1
A  55045.9 41262.6     3.7 44935.0 26927.3 24053.6
A  55045.3 41262.5     4.0 44934.9 26926.9 24053.4
A  55045.7 41262.8     3.8 44934.6 26928.2 24052.5
A  55045.7 41263.0     3.7 44934.2 26927.5 24054.4
A  55045.4 41261.2     3.6 44934.3 26928.6 24055.3
A  55044.9 41262.4     3.7 44932.5 26927.7 24050.9
A  55045.2 41261.9     3.6 44934.1 26929.0 24054.7
A  55044.9 41262.5     3.6 44932.7 26927.2 24051.6
A  55045.8 41262.6     3.6 44933.8 26927.9 24053.6
A  55045.1 41262.2     3.8 44934.4 26927.8 24053.0
A  55046.5 41263.1     3.7 44934.7 26927.0 24053.2
A  55045.9 41262.6     3.9 44935.0 26927.7 24054.5
A  55046.0 41262.1     3.6 44933.1 26925.0 24051.6
A  55045.5 41261.8     3.5 44931.3 26924.7 24050.8
A  55045.5 41261.7     3.8 44933.7 26927.0 24054.8
A  55044.9 41262.3     3.7 44931.8 26924.1 24051.2
A  55045.4 41262.2     3.7 44933.4 26925.4 24053.9
A  55045.0 41262.8     3.6 44932.1 26926.0 24052.2
A  55045.7 41262.9     3.7 44932.7 26928.7 24052.8
A  55046.1 41262.9     3.7 44934.6 26928.5 24054.0
A  55046.3 41263.4     3.7 44933.8 26928.0 24052.0
A  55045.3 41262.0     3.6 44932.7 26926.5 24050.1
A  55045.9 41261.6     3.5 44935.2 26930.8 24054.6
A  55045.0 41261.9     3.7 44931.8 26926.8 24050.8
A  55045.3 41261.5     3.6 44933.0 26929.8 24053.8
A  55044.9 41262.0     3.5 44931.5 26927.0 24052.0
A  55045.5 41262.7     3.6 44932.1 26928.6 24052.8
A  55044.7 41261.8     3.7 44932.3 26931.7 24053.0
A  55045.5 41262.6     3.7 44932.1 26932.0 24051.8
A  55045.5 41262.1     3.6 44934.1 26936.0 24054.6
A  55045.7 41262.0     3.5 44934.8 26934.1 24054.9
A  55044.7 41261.6     3.4 44932.4 26932.4 24050.2
A  55044.9 41261.6     3.6 44934.1 26935.3 24053.5
A  55044.5 41261.0     3.5 44932.7 26934.9 24051.4
A  55045.1 41261.4     3.6 44932.2 26934.4 24052.6
A  55044.5 41261.2     3.5 44932.2 26932.3 24052.4
A  55044.8 41261.4     3.5 44931.8 26931.8 24051.7
A  55044.6 41261.1     3.4 44932.1 26934.1 24053.2
A  55045.0 41261.2     3.5 44933.7 26935.1 24055.1
A  55045.2 41262.2     3.6 44932.8 26932.9 24050.4
A  55045.7 41262.0     3.7 44935.0 26935.5 24054.3
A  55045.5 41263.3     3.8 44932.8 26935.3 24051.3
A  55045.7 41262.2     3.6 44933.7 26937.4 24053.1
A  55045.1 41262.4     3.7 44933.4 26936.9 24052.3
A  55046.1 41263.1     3.6 44932.6 26935.1 24052.5
A  55046.2 41262.4     3.7 44932.9 26935.6 24054.3
A  55045.7 41263.6     3.9 44932.1 26934.1 24051.6
A  55044.5 41262.1     3.7 44931.1 26934.6 24050.5
A  55045.1 41261.9     3.7 44933.5 26937.7 24054.7
A  55045.1 41263.0     3.9 44933.0 26937.5 24051.4
A  55045.6 41263.0     3.6 44934.4 26938.9 24053.7
A  55045.3 41262.6     3.6 44933.5 26937.8 24052.4
A  55045.6 41263.0     3.7 44934.1 26938.0 24052.7
A  55045.9 41263.0     3.7 44934.2 26938.4 24053.8
A  55045.4 41262.7     3.7 44932.7 26936.5 24051.6
A  55045.7 41263.9     3.7 44931.7 26934.5 24050.5
A  55045.3 41262.2     3.6 44933.7 26936.0 24055.1
A  55044.7 41262.2     3.8 44931.8 26934.7 24051.1
A  55046.4 41262.9     3.6 44933.3 26937.6 24054.6
A  55044.6 41262.4     3.8 44932.4 26937.5 24052.7
A  55046.5 41263.7     3.7 44934.0 26938.8 24053.3
A  55045.5 41262.4     3.7 44934.7 26937.8 24053.7
A  55045.9 41263.3     3.8 44934.6 26938.3 24052.6
A  55046.6 41263.5     3.8 44936.2 26940.4 24055.6
A  55046.5 41264.0     3.8 44935.7 26940.3 24056.2
A  55045.8 41263.7     3.8 44934.1 26937.8 24051.8
A  55046.3 41263.4     3.8 44935.8 26939.7 24055.1
A  55045.6 41263.6     3.8 44933.7 26937.5 24052.5
A  55046.4 41263.5     3.5 44935.2 26937.4 24053.2
A  55045.1 41262.4     3.8 44935.5 26939.0 24053.4
A  55046.2 41263.3     3.6 44937.9 26935.8 24052.8
A  55045.8 41262.5     3.7 44940.7 26937.8 24054.8
A  55046.1 41263.2     3.7 44939.2 26940.5 24055.4
A  55046.0 41263.8     3.8 44937.6 26940.0 24051.0
A  55046.1 41263.0     3.7 44938.7 26943.0 24054.7
A  55046.0 41263.9     3.8 44936.6 26940.0 24051.9
A  55045.6 41262.5     3.8 44936.8 26941.3 24053.7
A  55045.4 41262.3     3.8 44935.9 26941.7 24053.1
A  55046.1 41263.2     3.6 44934.9 26939.5 24052.2
A  55046.2 41263.3     3.7 44936.8 26941.4 24054.3
A  55046.1 41262.9     3.7 44940.1 26942.8 24055.6
A  55046.3 41263.6     3.7 44936.4 26941.9 24050.6
A  55045.8 41262.8     3.6 44937.8 26944.8 24055.0
A  55045.5 41262.2     3.7 44935.7 26943.1 24052.0
A  55046.2 41262.9     3.6 44935.8 26943.2 24054.3
A  55045.2 41262.4     3.6 44934.4 26942.2 24052.5
A  55045.8 41262.8     3.7 44934.9 26942.1 24053.0
A  55046.0 41263.3     3.7 44935.6 26942.5 24054.3
A  55046.5 41263.3     3.7 44935.6 26942.3 24052.2
A  55045.5 41263.0     3.7 44933.0 26942.5 24050.5
A  55046.2 41263.3     3.7 44937.5 26944.3 24055.0
A  55045.9 41263.7     3.7 44936.4 26943.2 24051.7
A  55047.0 41264.7     3.9 44936.6 26944.9 24054.7
A  55046.8 41264.2     3.7 44936.2 26943.8 24053.3
A  55046.9 41263.8     3.9 44931.8 26943.7 24053.7
A  55046.3 41263.6     3.8 44932.7 26944.1 24054.0
A  55046.0 41263.2     3.5 44929.0 26943.0 24052.0
A  55045.7 41263.2     3.8 44930.9 26944.4 24050.8
A  55046.4 41263.4     3.8 44933.2 26946.4 24055.7
A  55045.8 41263.3     3.7 44931.7 26943.9 24051.8
A  55046.4 41263.3     3.6 44934.0 26946.1 24054.5
A  55045.7 41263.4     3.7 44933.5 26946.2 24052.2
A  55046.6 41263.7     3.6 44934.3 26948.2 24053.7
A  55045.9 41263.7     3.7 44934.4 26950.3 24053.7
A  55046.6 41264.3     3.8 44934.5 26951.4 24052.6
A  55046.2 41262.6     3.8 44935.1 26951.4 24054.9
A  55046.5 41263.7     3.9 44935.8 26950.4 24055.9
A  55046.3 41263.9     3.8 44933.3 26947.7 24051.6
A  55046.7 41263.8     3.8 44935.0 26952.3 24055.2
A  55047.0 41264.6     3.7 44934.3 26952.2 24053.3
A  55046.9 41264.7     3.9 44933.9 26952.0 24054.1
A  55046.5 41264.2     3.9 44934.3 26952.1 24053.5
A  55047.0 41265.2     3.8 44935.6 26950.9 24052.8
A  55047.4 41264.9     4.0 44936.6 26952.7 24055.3
A  55047.0 41264.0     3.9 44937.8 26956.9 24056.0
A  55047.1 41265.6     3.8 44934.8 26956.8 24051.5
A  55047.0 41264.1     3.7 44936.1 26959.9 24055.2
A  55046.7 41264.7     3.7 44934.1 26956.0 24052.6
A  55046.4 41263.8     3.5 44934.2 26955.5 24053.9
A  55046.1 41263.7     3.7 44933.0 26955.3 24053.2
A  55046.1 41264.4     3.8 44933.7 26953.7 24052.3
A  55045.8 41263.8     3.8 44934.5 26954.8 24054.2
A  55046.5 41264.8     3.9 44933.5 26952.0 24051.9
A  55046.6 41264.5     3.7 44935.4 26951.1 24050.8
A  55046.4 41263.4     3.7 44936.9 26955.0 24054.6
A  55045.8 41263.1     3.5 44935.0 26954.2 24051.4
A  55047.1 41264.5     3.5 44935.5 26957.8 24054.2
A  55046.5 41263.4     3.5 44935.4 26958.2 24053.2
A  55047.1 41264.7     3.6 44934.4 26958.5 24053.2
A  55046.9 41264.0     3.4 44935.8 26958.6 24054.6
A  55047.8 41265.3     3.7 44935.3 26958.2 24052.8
A  55047.7 41265.3     3.8 44936.5 26960.4 24051.3
A  55047.8 41264.7     3.7 44937.9 26962.4 24055.8
A  55046.6 41264.5     3.8 44936.3 26958.4 24051.9
A  55048.0 41264.4     3.7 44937.8 26959.1 24055.0
A  55046.7 41264.0     3.7 44936.8 26959.1 24052.6
A  55046.9 41264.4     3.7 44935.3 26960.3 24053.1
A  55046.3 41263.6     3.8 44935.5 26962.3 24054.1
A  55047.0 41264.5     3.7 44935.7 26962.3 24052.5
A  55046.6 41264.2     3.7 44935.9 26964.6 24055.3
A  55047.8 41265.5     3.9 44935.5 26962.6 24056.2
A  55046.2 41264.0     3.8 44932.9 26959.6 24051.5
A  55046.4 41264.0     3.7 44932.9 26961.8 24054.4
A  55046.4 41264.1     3.8 44929.6 26961.0 24052.9
A  55047.1 41264.6     3.8 44930.3 26961.9 24053.8
A  55047.0 41265.1     3.7 44930.4 26962.1 24053.8
A  55048.0 41265.0     3.5 44928.4 26963.3 24052.9
A  55047.2 41264.9     3.7 44928.2 26967.1 24054.9
A  55047.4 41264.8     3.8 44929.9 26966.1 24055.7
A  55047.4 41265.7     3.6 44926.5 26966.0 24051.4
A  55047.7 41265.6     3.8 44928.5 26968.6 24055.6
A  55047.1 41265.0     3.9 44926.5 26968.5 24052.8
A  55048.1 41265.9     3.7 44929.2 26971.5 24054.3
A  55047.9 41265.9     3.7 44927.9 26972.6 24054.1
A  55048.0 41266.2     3.7 44928.5 26972.4 24053.3
A  55047.3 41265.3     4.0 44931.2 26971.7 24054.9
A  55047.9 41266.0     3.8 44930.3 26968.3 24056.1
A  55047.6 41265.9     4.0 44928.6 26965.4 24052.2
A  55048.5 41265.5     3.8 44931.1 26968.1 24056.2
A  55047.4 41265.6     3.8 44933.5 26967.3 24052.7
A  55048.7 41266.0     3.9 44935.5 26969.3 24055.1
A  55048.6 41266.6     3.8 44934.8 26967.8 24054.1
A  55048.7 41266.7     3.9 44935.8 26968.2 24053.9
A  55048.0 41265.9     4.0 44936.0 26970.5 24055.4
A  55048.7 41267.0     4.0 44934.2 26972.5 24053.3
A  55048.2 41266.7     3.8 44931.4 26975.5 24052.0
A  55048.6 41266.6     3.9 44934.3 26977.0 24056.6
A  55048.2 41266.2     3.9 44933.5 26974.0 24053.4
A  55048.1 41265.2     3.9 44934.6 26973.2 24055.5
A  55048.2 41266.2     4.0 44933.6 26970.1 24054.2
A  55048.5 41266.4     3.8 44932.5 26972.3 24054.3
A  55047.4 41266.0     3.8 44932.8 26971.7 24055.0
A  55047.4 41265.8     3.8 44933.3 26970.1 24052.8
A  55048.1 41266.5     4.0 44934.0 26969.8 24052.0
A  55048.7 41266.2     3.9 44936.8 26973.7 24056.9
A  55048.3 41266.9     3.9 44934.2 26971.0 24052.5
A  55048.9 41265.9     3.8 44932.4 26973.3 24056.1
A  55048.2 41266.2     3.9 44931.6 26973.2 24053.8
A  55047.7 41265.5     3.8 44931.1 26971.4 24054.2
A  55047.1 41265.0     3.9 44933.8 26971.1 24054.3
A  55047.6 41265.3     3.8 44933.9 26973.8 24053.5
A  55047.5 41265.4     3.7 44934.3 26974.0 24056.0
A  55048.1 41265.7     3.7 44936.6 26973.8 24056.9
A  55047.9 41265.7     3.8 44936.5 26972.7 24052.8
A  55047.8 41265.6     3.7 44937.2 26975.4 24055.7
A  55047.1 41265.1     3.7 44932.5 26976.6 24052.9
A  55048.0 41266.1     3.8 44937.0 26979.3 24054.5
A  55047.3 41265.5     3.8 44933.9 26981.5 24054.6
A  55048.0 41265.9     3.7 44932.3 26982.3 24054.0
A  55047.7 41266.2     3.9 44933.8 26983.5 24055.7
A  55047.9 41265.8     3.8 44933.5 26985.4 24056.9
A  55047.8 41266.6     3.9 44931.3 26980.6 24051.8
A  55048.3 41266.3     3.6 44933.9 26981.4 24056.0
A  55047.1 41265.3     3.8 44933.0 26979.0 24052.9
A  55048.4 41266.2     3.6 44934.1 26980.4 24055.0
A  55046.7 41264.5     3.7 44932.8 26979.4 24053.5
A  55047.7 41265.7     3.8 44933.3 26981.1 24053.4
A  55046.9 41264.9     3.8 44933.8 26980.6 24055.1
A  55047.1 41265.0     3.8 44932.3 26978.7 24052.4
A  55046.8 41265.2     3.8 44931.8 26978.4 24051.5
A  55047.4 41265.4     3.6 44934.4 26981.6 24055.7
A  55047.7 41266.0     3.6 44933.2 26980.9 24052.4
A  55047.5 41265.7     3.8 44934.1 26981.7 24055.0
A  55047.2 41265.6     3.8 44932.1 26980.7 24053.5
A  55047.5 41265.6     3.9 44933.1 26979.8 24053.9
A  55047.2 41264.9     3.8 44933.6 26979.9 24054.9
A  55048.4 41266.2     3.8 44932.3 26977.6 24052.6
A  55047.5 41266.0     3.7 44932.5 26978.9 24051.7
A  55047.6 41265.6     3.8 44935.1 26982.4 24056.4
A  55047.1 41265.4     3.8 44933.8 26980.0 24052.3
A  55047.5 41265.2     3.7 44934.8 26982.6 24055.4
A  55046.9 41265.4     3.6 44932.0 26984.3 24053.3
A  55047.5 41264.9     3.7 44929.4 26986.6 24054.1
A  55047.5 41265.3     3.6 44930.7 26987.7 24054.9
A  55047.4 41265.6     3.8 44929.6 26986.1 24053.0
A  55046.9 41264.5     3.7 44931.3 26989.6 24055.7
A  55047.3 41265.0     3.6 44932.9 26993.0 24056.3
A  55047.0 41266.0     3.8 44932.6 26989.0 24052.0
A  55047.7 41266.4     3.7 44934.2 26990.1 24055.5
